808610
168522
170999
387046
180406
575279
285585
466911
878814
814441
843333
673951
510985
389093
660922
85620
752105
367144
281270
210159
476391
203877
657392
152077
321703
816396
527596
265009
641583
484975
282485
267797
864155
291242
535315
431895
369070
293131
418470
965637
588531
166805
278270
189975
469877
917979
780733
116592
55849
595752
333331
594884
19888
15702
726227
439643
878700
708682
120472
734877
234452
304786
248552
592742
972763
994951
356691
661748
411160
993625
369471
771777
568913
70377
662866
272873
480679
832680
426315
830773
623766
340577
2883
557309
924299
635536
441023
828879
577367
346984
334301
85275
169509
168633
5255
255930
426274
212615
277610
169899
616143
727406
902572
729697
634384
806855
557540
893537
296534
865184
849705
674788
557001
847880
423840
417852
639962
828290
719032
537760
945880
891747
767872
934614
70059
413893
352722
582422
128825
134398
479798
352949
366655
208061
274298
648766
404460
432097
58870
414832
219273
399639
200232
861269
172283
879449
196851
640017
720018
409262
720891
913194
296208
74323
660086
463887
539113
565621
16807
752960
757008
263010
106659
660612
956448
381549
400694
558473
541796
576929
379042
902220
877399
432614
106110
101866
967130
753138
770404
80875
857282
462052
684446
989608
825942
429092
999121
239745
556869
190064
940680
997467
292483
2076
158450
564240
277283
133979
581586
56621
600545
393773
891346
42213
74802
114524
278438
953999
944469
386047
831704
320786
322683
835314
66256
394159
581974
790096
51436
302130
867256
654027
592970
356739
204841
979955
364453
125044
969945
974796
529818
629969
592322
914222
35884
38879
912923
162398
420788
888112
544695
181657
148010
527011
180001
941429
417592
35178
672018
132488
716488
736998
132395
896982
756268
543295
259870
267957
553936
175165
741354
306202
895452
8583
861774
233224
95259
288349
896056
571231
73300
690327
565980
754748
682223
461936
411015
242520
918655
935258
892001
55667
1836
810434
231631
662628
548232
540658
981706
782638
80674
744035
317576
96629
217553
839770
983189
784056
123522
302156
274941
530162
235175
915499
391112
303879
164092
853350
389468
665056
669713
645436
821011
479029
499059
484670
490501
688265
141305
684088
473228
768490
869123
489072
651378
413792
231621
541157
141345
690467
216274
421449
602847
80629
754303
831281
889900
660480
143356
884813
929611
214352
142004
782048
892472
298403
38675
965205
556920
295303
947687
62866
680969
409049
553009
232900
42300
496666
93516
792472
652857
216171
509829
760113
821478
592684
979852
151943
850603
3182
203721
704490
123809
900288
628597
151442
570312
423513
278860
139735
291205
663603
463522
267917
438500
230355
974789
378718
103839
811059
480221
733679
557603
582955
998598
600951
705315
406503
637914
83631
416687
141055
995489
25826
725510
411270
948090
83708
391860
671378
106752
510619
308583
977409
474000
427878
466365
735695
534822
883783
304458
632167
311149
63231
471142
907360
354863
821180
359186
917681
33055
887015
829887
173906
936
474400
268621
66995
346396
287500
834241
119797
631712
558720
672948
544190
423361
311982
774220
722257
266891
852588
130768
245947
279155
76023
272373
10368
378235
124090
557463
468299
923559
715089
332813
306403
947582
281323
3732
268325
700025
430236
744470
531624
168365
183966
923482
248427
913197
508476
367647
781430
731033
881786
842402
892049
890987
806769
681492
410106
397368
383157
966134
439165
296728
272212
534285
973721
953382
372580
19464
627071
883090
502503
458356
185706
379667
217438
19936
87107
541348
389407
698734
330922
170936
222990
274257
404200
633549
652980
181806
424067
424114
175609
657910
532777
647918
80201
514281
602172
775488
367290
370573
486678
981450
683361
360143
77740
710735
740195
544268
605621
304137
667622
558958
684242
533130
25074
552640
964500
317063
424646
129288
342046
985385
656498
280258
663400
154318
703541
905387
746533
695870
914716
55650
689713
556916
529871
604450
942546
123363
98195
405628
217814
480919
464487
766759
266320
498503
665969
483637
512120
889278
729143
609909
600389
423252
327126
65615
694087
936262
781440
272287
102858
336759
807663
411884
898728
211572
423267
779881
876119
132154
674739
446022
441894
688920
354396
547703
857698
959187
840931
293328
48065
139241
150476
798788
406003
870500
744296
951118
618433
257616
372703
201328
155
342648
286396
907250
643670
79822
840892
292107
10783
720442
478014
376919
519894
980252
510953
191962
120489
39994
554736
692432
237159
471450
349474
929196
48887
235478
777741
3782
807634
567298
892337
737242
918400
480801
914133
178382
304130
312380
944559
697878
61550
382427
26114
371387
681939
66523
531861
669461
989372
101009
970405
28778
884062
235609
517852
405769
763054
300714
681081
321201
323653
727936
281230
519070
605350
665051
498528
844731
664503
765760
176091
642834
771759
282673
530328
230493
485489
372386
722640
193763
793519
733254
856002
354561
583234
918598
101857
715122
318902
823773
700785
42900
34809
199649
475700
990669
313073
46643
694008
895069
536461
94338
670756
857294
283987
40011
795218
632134
136639
107930
960524
969125
767182
754401
17661
58634
744422
229746
734525
96412
420771
524412
754065
27588
841530
440346
18110
446444
134295
745119
985224
792784
789295
416083
19586
191730
615726
901569
99853
59631
136032
937364
538370
65439
559070
825609
350728
718388
970232
373610
178794
492367
414084
356622
858170
5034
47225
315101
372589
257660
58017
208227
722668
750904
985159
275151
850118
168684
312579
47052
920423
430794
746895
954180
193905
123766
890832
407539
913469
135688
683408
406316
601847
851058
650950
109104
156325
66004
556671
26408
493381
960166
206937
824244
66467
730114
405253
772450
171275
906170
446013
716761
410449
810888
252652
830195
940510
802367
673828
846651
786137
740167
81351
552695
133978
725840
430240
820246
725932
541088
487026
79944
301027
324048
590985
355754
566386
261979
468105
150408
673953
228882
680081
796175
440889
285555
925652
62171
140284
553181
374921
685672
114497
580814
11772
992657
244143
381283
268680
481754
580881
794650
131847
959235
548801
442188
184124
454734
57985
750691
977520
627804
114695
687746
829683
276770
794247
224300
584308
515528
259640
673031
910259
127719
787176
304245
728829
471500
989847
334229
54807
610678
787281
234619
59839
949663
389683
959400
804002
203885
737207
466101
195269
194314
178867
859500
856395
998189
963794
861215
816625
499527
889268
317249
912422
709410
701046
413600
875666
492008
511405
479911
381307
800718
674213
720705
703325
565077
717272
76703
317375
29692
672491
994834
253697
54375
26469
603897
373419
436422
69620
179217
229076
155482
311831
99635
609443
530033
460501
898715
28714
668987
588473
396360
716485
258032
925774
2694
737246
297811
647799
211694
310044
938039
358329
699412
493964
312683
374559
49829
469775
825234
920872
701190
805781
639925
88293
563226
823397
517995
858610
550140
15468
416409
268677
80292
219277
149288
319075
768325
66966
458345
960336
397902
341661
531955
733825
75424
143600
742216
98437
190695
31578
20726
55733
803884
221115
736069
668633
883059
68112
16239
696296
272851
908194
472960
212609
631058
584655
394811
872303
273636
266393
464825
122473
142011
929603
422356
116216
416879
215995
255354
760224
735675
923781
575354
613798
976908
910511
33738
841447
655827
243457
780720
819442
746709
880203
22898
826118
957569
493524
954513
79030
147567
581917
739215
270748
771777
801624
228207
867301
377054
414640
220594
386023
660431
203950
220901
297899
2879
767460
932321
592785
620830
527418
309432
874516
748809
567834
529724
740876
846866
267660
246390
16008
535428
745967
574273
916840
469331
73136
456361
329045
651175
414705
302296
815151
582219
951743
277278
41139
641031
517476
864782
923599
350898
103565
945198
789706
444962
708473
603866
102729
765620
232605
886984
887220
693031
796246
989946
133291
270967
372011
995399
590102
299351
884247
949719
676035
481969
41094
354380
890228
886640
214778
603701
924839
628751
730919
575291
945418
500039
912883
690526
210638
689722
996912
997284
763624
126284
544790
254446
323138
743822
196506
271853
763963
7189
429757
334606
742026
848942
661898
634348
187228
757427
806632
830842
568528
566912
531784
941641
962840
880580
715514
133382
375057
562280
267750
920607
989044
877802
273487
327072
284653
253773
476412
759913
280348
258892
598873
233510
433706
828958
73342
240728
470832
113121
882900
705523
350889
272588
931455
995131
926933
911511
840808
14882
387630
602620
3841
553713
969625
778605
916464
461842
502283
222117
826577
644406
89003
206031
46326
350428
384153
105662
516725
153456
964127
63512
772750
783110
280186
200453
435851
675801
747456
897566
720467
360273
157995
823306
5578
913333
624601
985348
407039
124897
570408
9641
817130
790921
728249
471943
337645
448632
91326
947423
863861
183714
340538
428016
558083
589717
877658
921341
387040
924686
309007
724263
210103
800813
237499
743649
756490
74700
771268
310461
906843
767082
933682
204188
350218
818239
893128
101048
585233
126675
641619
107491
601562
890249
110634
517710
313721
501497
945134
333524
288615
335995
667905
958055
929296
944281
804788
728846
980784
492900
534639
382831
859492
27805
744780
734585
438713
663585
771232
274348
189180
240119
318232
241151
232956
636716
58330
722164
497432
804609
797532
260099
198331
406287
307701
52110
280509
164513
267870
45521
924138
81237
105595
376831
15976
463673
969055
199866
548955
312448
485936
600285
508317
182248
901738
776580
937014
858976
201224
547524
756810
487140
642484
563075
50136
70255
168181
790061
603087
828956
468459
676977
343839
174569
90523
392867
104406
849835
439219
659361
466982
139601
855198
63788
522318
453795
283316
95531
330107
152884
626207
289672
453883
491687
929204
194547
215908
636638
346532
165722
450157
93857
985360
498827
330278
999778
800817
680189
717816
907850
108696
169455
659186
181399
21442
990470
832046
125607
851931
443993
520927
969335
29000
99217
528754
314818
287543
437448
942726
64727
196794
505177
959971
301302
80826
601455
474898
640066
80853
169923
470539
155612
17457
92688
739777
250776
578472
792107
686393
331040
589845
826180
356409
283512
870829
500645
830904
746291
350231
872694
830888
622883
633421
325196
281790
222178
299592
256608
624827
697477
343188
156595
77955
639322
972579
233957
698707
667302
268895
396682
30966
508932
670363
550099
482755
36764
457081
78921
931093
698278
14161
711250
604835
505112
148884
200820
496309
614976
323067
622888
608544
840280
528670
601932
874050
652872
256428
520063
659251
814064
1417
891078
809980
134746
902370
341166
273585
938521
36355
760651
100983
998664
575781
45573
910560
132241
284515
763658
867065
317040
655832
502769
102846
905871
911891
964265
295135
686822
827013
253523
923725
946570
346704
314126
771242
607831
473154
475227
884210
699224
759538
74070
667252
364563
501497
559437
257896
256959
635151
762233
557962
317501
917940
142374
105046
753318
539388
719959
159735
293032
339065
577182
727128
289240
26580
462490
331493
306205
439075
921724
469423
858101
205079
50237
183365
37297
386833
200268
670014
537519
872732
245376
952105
701197
899522
299547
480702
637855
760255
938378
686842
362663
112901
903902
107800
922623
950628
789169
408087
128258
259698
638709
516168
359155
918750
75959
424004
526231
443482
540600
314136
395368
469313
474469
341369
587792
421912
438474
187298
879584
786381
762234
749477
506125
31360
473829
795595
196280
197004
654984
937032
196914
772276
294098
979192
206224
73909
51207
967603
686709
695770
734929
357368
798394
324355
71144
963047
81506
195029
356313
794900
554539
296426
841637
362208
495142
169957
51622
565672
921352
916853
700657
488182
69047
253681
761866
869581
569614
32502
395450
722490
497283
293695
197439
275468
568740
830562
615982
295605
253587
252395
752927
826228
865582
573998
427924
327640
920278
518890
610909
142693
426135
659930
462453
208752
910311
205813
259404
575450
242081
830201
757688
171967
790940
724559
869260
729197
691825
457942
38182
589110
61024
711073
709839
852458
204490
247135
124897
711005
856031
785740
519330
976288
523672
794326
310045
274564
995032
27350
872343
519216
754720
398577
727461
519747
137831
394344
642421
895972
642389
365539
590091
311134
40005
817506
656652
879019
662119
217393
939034
827007
772035
240373
352791
527042
832481
493277
431217
281277
197689
95066
811419
834570
987267
827513
849073
759102
279972
73625
393506
422977
860335
782091
292644
671119
734401
869168
472236
37937
373084
128900
742462
877452
478110
982975
945452
911203
390006
940706
97106
355692
168956
177652
687621
861899
906914
183071
731041
463480
526643
528929
755989
279697
71399
872863
816790
41865
226698
180982
657836
516197
372523
802550
855219
772712
117830
437137
937994
314255
749803
774974
876218
227770
564401
782981
153953
717665
653189
196713
682481
475391
344610
752960
92236
51592
16943
89534
651877
987197
725710
241478
725842
531217
111763
88673
279350
898740
223554
443688
48586
667105
724478
970783
176559
114549
476944
807589
984923
65687
225908
904801
735698
616865
198708
635650
518353
493267
79254
482327
888398
386463
507428
733851
261948
434814
226590
24709
17748
790915
346414
232315
739886
247864
301072
60074
632434
809508
623942
114249
675170
652731
859893
292307
178426
615054
416445
86731
12799
930267
729612
30629
403637
474353
101792
729470
769534
555674
121129
885669
13129
937324
176684
939636
221352
267784
45766
334711
79763
353577
114767
105198
919759
86310
118686
284298
93352
587851
693246
576085
150468
224702
93726
495318
994126
671156
387230
603655
231437
424862
554198
454106
294788
699347
987393
256658
673998
868858
79767
480833
864568
155269
733314
653051
848905
727375
498071
64191
355591
259357
122016
857987
778805
960065
510414
754358
751111
30956
785523
521670
202541
80108
561668
504500
670616
703138
935368
922160
230828
283636
611715
634781
21180
157133
68317
130770
676961
588162
479365
6303
189848
542025
182232
417440
585027
295453
628299
891860
131650
959339
865695
391181
297835
432224
628333
670601
686468
310933
24729
736569
747321
268799
969512
989252
11818
712804
712793
672773
87850
957722
532271
48136
383188
445706
944934
865381
431831
105288
329129
749040
491569
960330
12835
422207
573581
28749
177493
591058
963082
543953
640932
699903
990220
389693
848483
621060
928685
899243
594144
787523
660272
294151
543084
548236
461898
165489
254436
229453
144932
897095
468093
134667
410618
747432
410853
28262
594895
396371
277363
821691
822735
482490
602308
603540
895976
21417
86311
461910
708065
767009
409543
201793
193395
273786
361173
832466
183046
633418
757262
691111
753877
304252
217826
996174
324008
854451
734740
924849
797257
189059
126424
723207
575509
1062
813629
582497
16624
530948
157562
612590
945851
975202
13034
150040
647808
973419
652135
313790
122403
678322
643747
217112
487463
214960
487418
302264
175650
921523
728089
772210
940504
702681
729515
96248
389243
699984
655455
112383
425828
802154
697578
820138
74461
222360
284149
413430
581516
62615
249174
728173
209869
463889
908197
429471
957530
261922
717843
49284
914741
526155
997437
159485
588387
854036
390946
68358
46808
495696
297187
111885
168039
465056
494336
786444
427148
469813
763534
863329
184203
186678
679405
946845
745537
543889
693932
831914
612892
269445
903452
657752
419179
594247
810340
71856
114728
701421
665614
737770
310477
309613
433305
416626
195282
583161
845285
538258
727400
300543
495269
660491
944868
593116
633709
37247
65940
922492
14595
393546
470462
445036
970431
147236
474744
607198
621242
689683
156940
63310
949419
337895
180255
938132
60648
450856
871638
668055
152180
462521
909437
389298
669551
157580
346873
86560
599241
727068
448220
274878
114286
8008
767426
764705
590703
70065
471348
819931
388801
54863
190374
775382
107236
750352
453744
957837
741078
404958
829586
557886
268701
995941
291145
296104
9286
930909
144030
792226
970649
584814
452167
324252
121361
373846
75747
689583
884511
497502
997198
704706
843173
705158
900135
450876
394327
82464
573813
425561
933501
991659
287667
86703
180119
759375
343930
472361
569034
702624
696610
654499
97996
359845
369751
973620
926734
993792
442020
294513
127597
107475
712998
475956
433945
748475
845428
425732
437673
861106
979325
276303
64227
770139
381322
915936
840299
878187
557961
922914
453827
116403
88883
404819
927396
616761
39
390565
753928
573534
800143
392390
658176
57115
158067
566001
809664
490842
137583
430547
43692
54249
549345
522347
784902
621110
344712
545467
259641
561991
403402
477635
578879
151591
307486
521512
377779
427403
405111
532719
460172
425230
659903
998107
279238
43290
985283
382973
651987
729443
398211
412347
134132
652777
809475
265049
224348
850039
372057
79375
471566
825893
148093
90094
494328
85210
339240
603349
779444
848968
239905
358298
11089
921323
232554
508683
94075
246705
970926
280086
803915
658915
806042
514837
906009
97095
296458
833777
819419
66872
903286
327091
518554
434909
519234
105840
392196
110862
456527
774307
32977
162293
154027
700251
969187
738952
563485
41815
168964
938319
328126
23911
371685
442677
516889
570384
547658
793302
516165
541368
494847
683591
487361
452494
110078
713638
925106
642290
18396
497957
95613
66854
30426
120942
646842
154378
466592
312756
611512
18505
594741
61
942544
638622
552592
860032
377173
754739
796636
200688
683743
959956
64636
824161
222810
730810
45774
589650
983217
511921
996832
562937
264236
941758
820457
379119
907824
613179
360113
190222
712978
577329
220654
637292
797615
187986
325006
374336
736446
6150
950556
34988
447622
745700
300762
635228
422132
501903
501414
352966
215446
462376
125274
914878
986822
359028
164139
261916
746177
683798
97791
79883
385003
490804
687183
520306
231378
432220
396275
262697
729326
248898
839321
167772
797147
968746
3023
426441
54052
449477
585694
77144
878653
594568
320348
57843
617331
57301
644714
146319
92557
819225
898818
481026
104210
943114
337548
153373
44087
730745
584569
351760
164728
921008
227817
509962
883344
544092
558620
230084
992350
817684
337867
293833
601440
892424
499120
841656
63155
868554
62323
941030
31780
301034
912966
289403
406393
769190
304940
89315
755725
451400
348007
689641
539146
622619
644462
853562
736243
283471
403650
437139
689391
183175
612911
58429
77914
594007
412384
469760
309427
792478
805187
576252
752474
444922
390855
936221
340927
257680
561745
748832
297625
60735
195650
864110
463559
978511
655926
407457
834701
565266
334887
390648
667861
199501
509293
318467
523299
172547
475669
10304
751530
540360
378418
481599
207076
683316
408162
270915
835483
657137
125567
832210
604197
24282
529402
709508
905783
352529
356788
442685
436881
828483
170638
391859
293256
370431
479217
101436
350200
58912
893977
301665
600315
632481
752004
773795
608699
297829
701328
398130
602511
350305
478867
219940
635493
544872
58054
198603
36333
446005
770843
205893
391195
367087
760489
594201
263587
941655
985288
91487
740615
31869
529695
852679
508425
338581
967298
377098
920653
838547
928365
409346
481709
469026
979215
282649
388566
683969
224473
388724
334601
876278
714572
366898
426963
134652
284691
580138
239709
844668
249924
66858
706890
29813
441001
853271
507886
729663
101785
409887
985103
442383
579923
487623
161325
161027
334336
117648
541899
27225
510603
395427
158428
851046
166409
581372
231988
854650
412724
702654
247259
933970
966288
493502
427430
69369
701910
130638
219059
114244
214815
716245
479579
188469
229685
345821
68486
170671
390909
653409
68777
190241
850152
681197
505568
777082
39241
988302
404910
351765
624701
305260
674662
300862
146869
526854
240380
515157
444200
741567
442385
476747
517452
551074
401113
665721
917319
99583
45629
902361
886374
359610
54231
488527
943905
860692
866840
731872
403507
448202
257274
506616
705706
514591
738697
853598
320356
664607
737826
15452
699801
362095
524181
968933
312478
812247
179788
526869
743562
220020
710192
53701
155847
688202
552124
170332
393247
367200
866896
297442
769135
977981
847028
525453
778100
742145
195644
348270
664460
370753
455748
901836
51924
620561
442725
670139
832426
97269
108463
282460
534280
580827
230819
555004
453280
357444
549635
77281
89263
65481
591138
199473
715434
249708
592531
358134
354368
170990
24448
516388
538992
131872
457551
562589
576942
68756
648571
546887
226462
988251
488264
955521
832014
880458
475459
147181
1639
717159
750071
991877
61549
92304
541099
849780
429117
338222
563117
640852
511370
921734
531722
903584
580500
762561
819854
552822
361454
492423
352278
268192
541751
709042
623330
252649
827051
548692
132430
529373
407169
310387
623239
29134
366743
475093
598770
673446
211304
370073
653523
17406
787225
694588
765473
259437
232492
685202
561170
868496
104602
854203
788898
176859
79596
531164
874979
440757
713982
684048
472625
814705
645183
88277
999741
826715
448245
884866
833779
800614
916877
944176
267677
518394
773549
669368
628401
520565
449943
182413
142562
371377
782360
434608
186738
567015
46764
856369
561810
908530
636592
275001
432626
119208
452552
233568
237377
749075
141246
376073
757137
665200
702413
83665
14842
56087
79126
170022
619574
616461
677062
506730
775959
44776
830157
240581
36548
236466
280059
818376
900156
767978
832927
737098
809118
281260
870922
915292
125199
996809
825920
258124
910551
404717
221228
140673
144749
511290
710119
89008
171273
911323
153435
890836
686659
454609
839126
229807
6713
453546
186912
979005
871919
152613
946066
383978
658215
906356
106423
588054
390172
258742
419603
824253
529838
615016
485072
510116
653591
74292
964731
684414
864030
234211
484031
894258
455294
964831
807261
493147
228369
421562
977852
967305
956734
564995
766742
227884
623254
248385
300181
587776
311429
188267
143095
97399
981226
72708
663355
387217
576268
603409
940737
110482
828836
117187
859191
710319
121805
414638
409581
486426
518444
381444
604568
289965
623306
370987
694799
168090
863942
926354
657131
486097
288192
482660
661612
71134
78617
605074
271602
978336
372674
910131
450463
485794
290064
627841
2821
353468
662676
353081
496532
831736
508828
28899
976911
771931
928239
550320
527716
847101
788927
7734
272109
223078
552962
405622
151507
481011
213650
743832
891673
848255
986087
225671
124156
435043
851196
875238
87719
69460
390163
333672
577852
711292
38803
670762
151974
681561
999354
122656
80869
27909
129835
402883
736026
845002
946048
262042
393644
458696
874256
625167
682005
479053
501824
128584
239142
260356
919411
656466
648514
667727
89229
413628
54504
828120
547827
273335
719303
664166
284960
338218
325794
519751
177077
672274
473481
242648
536438
658678
657256
673491
164659
816648
69075
82925
798829
138038
846001
61301
497641
433725
203783
398087
466032
587757
884285
789120
719102
352281
792484
954374
443173
97352
204162
901934
911991
445159
388231
570973
395865
887838
742014
600769
975090
104137
863757
697241
812540
957260
609656
529689
756262
770057
130008
643461
870325
736063
520596
76425
674528
618568
155692
614169
120699
344646
839446
771220
685739
951513
100978
613203
999725
330961
811545
396377
354363
420856
493299
388196
750072
602143
282181
866916
949787
658633
595276
651958
10216
636835
242129
568433
113591
406435
479260
376551
840299
242276
139271
351729
861633
408734
427070
420108
426881
232599
138253
396268
567964
100313
648092
288145
465890
835868
403103
128179
459312
366862
517945
995727
809624
887152
230173
632372
833978
686542
266445
104268
343752
406586
487233
759880
967775
134157
962976
553076
870710
516609
136634
855258
501401
842046
81380
172929
246092
629474
155276
106928
773969
200569
797307
972408
267383
659292
846148
816644
985054
565808
209245
40637
90477
220708
591657
575056
937572
923624
126194
661546
355073
10818
293887
659069
744917
54094
258357
149487
435486
995122
255944
288379
587610
957447
704232
577816
60898
818090
297460
131372
85107
189486
893937
432902
41912
264637
727825
389637
260840
148139
347836
986892
192763
205709
829914
698335
985663
654568
290204
266143
124432
106791
934525
7293
944958
222050
130717
52083
491588
478271
106853
698703
827215
979883
104101
207728
231261
983296
18277
836261
300957
463161
934756
196737
897284
694453
699364
930932
333778
91577
811200
489562
65059
219976
611751
107754
293621
300944
569874
418718
101765
994842
60333
151344
565850
107304
48656
443947
344999
976564
567596
947275
166407
120236
487028
717944
192765
776430
756411
913332
534043
643999
338327
5879
849400
650727
302499
535442
342855
626501
685071
617425
593958
141559
387252
106939
102681
908717
381725
588803
205838
601465
255230
420503
839371
553898
354820
336390
493224
271841
458905
187561
986666
166392
596883
842968
383955
827042
124696
149747
238741
664955
522781
380415
495002
115229
978100
894618
181280
652037
517831
403105
500507
580158
262574
600932
330292
525894
348013
863902
945259
191825
414368
829535
310321
385937
286299
655608
605241
926632
90033
398118
590750
921024
554561
484014
147401
471347
533080
148872
937876
583668
713948
168171
184593
183110
339737
453636
925626
149122
433158
112105
112389
158485
978273
829283
278953
846047
978822
734572
576412
431438
254332
385966
359320
406545
920447
517507
439579
967332
574503
446273
903199
360182
225360
396758
854703
258182
408165
486653
554010
782475
245385
961025
970773
697636
960346
487325
858807
45496
876005
782559
989066
676788
20666
931398
681563
131393
691591
832080
645708
621502
354957
999232
834083
202415
443547
611389
449544
898408
580782
630479
264935
787372
182609
98879
601354
764213
878415
958184
556712
326987
880234
671647
127707
304030
504543
937066
378296
899104
876941
877683
428363
612899
287358
60574
779328
760024
810677
927459
324268
532769
40805
894168
584486
980849
6187
475305
928314
254239
900119
670927
81440
880155
184771
438140
438344
826160
544834
964825
666952
766471
71735
495549
942450
254329
375194
71185
911615
192135
290343
451623
636108
210084
593666
570793
940318
308090
687906
747052
461100
252001
238176
948113
832202
797595
891998
313613
201020
108592
84951
758157
791066
866557
500959
256528
300127
341824
397301
583857
777208
823174
244081
421640
953703
186714
440537
2950
539091
747258
605231
195763
111369
829024
299358
620635
72180
519747
223329
671911
143618
293455
267992
702012
168168
515595
212924
849556
65776
833769
302167
204659
504467
46957
400713
711173
408699
346769
880377
783227
130907
831760
399672
493206
688054
55897
128529
19440
100123
670913
110910
303106
58989
628952
300940
315571
817918
406613
238253
711595
5080
974809
179540
755799
469599
410003
706305
75366
568039
813786
900941
369404
898443
305719
195325
310827
193574
269059
942304
690214
913628
947241
463942
501400
901397
314198
114567
550173
790269
57172
374567
132982
483943
443466
885411
406862
864893
266842
393818
807238
522965
435426
414356
231210
626333
753510
182104
92563
900235
182297
161458
235919
577555
821003
296308
661166
927610
620522
27459
979945
514580
94165
942236
586561
640685
678212
969416
564643
581986
562080
820048
793703
81658
268691
443553
692507
388936
154877
963606
44086
888873
981897
90814
957561
932244
720597
72253
373523
597780
213499
206272
773107
441970
464335
383138
875637
174296
528811
175536
864337
146182
12069
600888
543544
211427
887259
950334
197322
953997
327758
463669
232194
442575
199203
893298
484472
555724
316687
780932
465419
44780
259406
328277
744308
356555
197574
585598
674628
400789
598176
440360
678847
899486
886736
442843
808219
879025
414413
345930
701394
553985
455577
648797
88080
925418
190700
303574
698584
892655
911926
551152
438962
554870
651839
821256
428804
916159
478962
326789
317508
942465
747323
306681
908089
667752
570481
388314
340181
147690
45144
30395
876125
581718
710068
961466
271482
98040
999422
917220
167480
738544
462460
441397
789150
161830
234771
158562
559482
334145
305242
816372
53229
112744
140904
449384
944483
778541
847327
102565
759211
618570
800308
573097
981875
299224
212152
160797
666398
75588
367190
707614
292153
832165
453421
542634
906437
113663
943103
376077
841316
186922
373136
435919
703280
265585
453105
740166
922448
793070
956980
590635
941267
27139
462344
551790
506802
347559
860967
683063
327473
884356
13891
980885
140872
851254
136664
225574
1029
984775
496764
945891
580193
62348
651320
208805
335872
734959
772632
197069
36033
213155
891577
14636
687439
871501
153202
997138
761902
103362
588040
909083
834838
165078
171619
237859
411626
293308
860451
797511
134943
483061
837700
230800
614528
880374
145556
330649
908885
651484
348252
621968
247784
262924
616849
689567
706431
964343
519149
648713
490640
775957
956643
371041
777068
626928
193717
634096
671662
536591
812483
154275
174872
761305
640307
410980
695797
87845
80932
373207
916875
166433
932300
499384
297260
875935
412970
161719
395734
683756
287387
705285
596720
743453
351239
172013
501198
589987
113926
691047
616770
828053
292465
947212
332567
346177
358138
183840
342110
870337
353713
3012
73034
533281
454649
507920
982576
300337
724995
713283
967185
924022
973740
123211
875459
434739
73394
158377
812426
881524
320786
425837
367088
139855
413065
931625
399170
943744
824364
794176
115621
392200
573386
595868
123581
293600
861105
396682
232062
313817
594558
189231
483567
777547
268685
869853
68418
33267
878894
932065
694366
198421
888815
899757
907354
590006
529407
68568
882562
275187
889617
343134
957842
11410
312304
193413
558000
53880
837300
535888
849663
487998
831169
400910
5746
898484
186202
719159
92674
138613
867644
438970
606271
14654
324564
207103
76327
283434
52285
863496
758272
41899
81609
156736
556151
566656
161700
848848
838071
898962
234973
983469
450798
927262
230943
862803
544128
387595
128719
187128
904807
41034
681444
996068
262723
371029
860378
377313
594464
253146
976497
580757
869504
11301
610046
606536
339757
921046
130329
238487
197032
464516
680047
255248
660600
826034
86039
626410
127965
578212
713545
411582
382423
699866
138525
308646
489462
276321
957509
184696
150511
445759
36959
117228
253865
839471
566961
93428
364409
233492
413315
271251
134779
553739
931275
451183
173038
156485
282522
867478
333528
390087
35258
865242
604305
513972
853745
192687
359360
469470
501851
107746
344716
128896
26206
831033
316749
411638
90070
239134
964759
281041
195747
964507
555935
737317
410724
183565
864417
854262
81685
253310
775025
91667
946917
308955
781913
293074
58580
857318
112651
350056
208638
461957
87049
134239
61389
577505
399332
869990
922429
345778
749081
483626
99559
752204
485076
68839
324355
896668
141719
736434
589309
252388
983478
191582
187954
609665
242659
276437
169075
93256
916724
753737
515408
959110
90283
395756
801952
974684
399855
362446
546207
962099
485427
302580
114942
234193
787486
704798
293432
407228
249405
726806
902182
559113
822446
573423
168641
945927
244652
305225
568643
994729
208738
322649
397776
867970
35004
331719
53847
516555
881721
785348
631800
621313
898220
954685
519326
302657
137450
878665
767168
255034
267005
168827
525280
788331
699320
106764
573723
671102
122819
927699
343806
559896
940704
541840
873563
261950
221741
333767
585310
387778
147902
380144
523993
364291
63450
28542
799377
923979
629998
26373
595483
746517
343182
906644
261925
436818
489554
933584
830483
896654
154589
610167
665921
256335
791680
311118
953086
316888
350926
300119
304800
361165
21450
200545
564712
765697
895951
502410
228207
352894
759265
329190
264494
449798
36260
626867
117666
383346
755403
494197
951656
764273
988446
811068
927856
929346
659793
186785
814763
588817
367176
140151
606287
208425
579868
863070
298303
139889
388019
329569
705191
725780
563879
131434
824885
232942
549897
490448
482037
39695
387051
47712
138969
360113
526232
114782
92312
314140
608631
985490
994479
547049
166321
567382
40287
40506
147280
182083
138567
887315
339790
64311
400213
662907
597480
321576
270494
502000
995339
587586
191203
563165
850002
114345
247483
549008
750506
483405
222947
257027
819592
259746
763637
763246
861277
889456
720224
952807
61090
93314
177871
372728
85012
446426
173300
692782
991755
178529
806952
799706
982607
522265
443816
831411
879128
419886
709160
802018
211130
777849
791577
326387
454794
93358
573777
667728
211623
68253
555136
970896
495159
914289
916645
980934
681977
961288
462752
877262
68985
207968
286571
364911
370957
721748
937226
313891
240163
585597
617511
954349
242991
297631
946705
358300
870748
27165
242433
833738
645580
126429
793035
864586
913144
305662
695144
771781
596610
689483
256159
958846
727342
807522
298914
700419
456260
39778
796097
410353
450798
696156
256698
626561
761957
812968
867698
571956
814381
938885
571952
989838
413847
851345
587929
323403
722348
221782
757498
754242
642908
994264
107494
581145
976460
578749
572325
478122
542026
543296
871550
70948
230861
570005
974255
172752
668790
770115
287922
849637
222166
55122
515914
197646
258171
882455
286003
644384
510797
204889
773536
481964
755449
729939
288395
567160
748665
489669
722622
106387
552566
826618
49526
450454
326357
172975
525879
161328
315545
205787
296686
766338
599558
500677
946360
166353
159461
955316
448296
619931
898788
719564
25091
143535
734599
454804
253767
185293
968523
51029
776859
690022
522293
778356
668723
557781
364226
601850
591624
632406
447152
478690
351651
585762
450715
186153
226506
788933
155839
576058
300847
162897
54248
604560
747447
48698
824909
805419
66617
241968
993199
915906
552071
216655
626726
665278
741632
986008
440580
645861
337168
746446
646256
112028
406147
783832
640358
661293
955406
507783
951219
871372
445287
866343
981815
372866
280104
549452
818479
267200
956448
222951
61060
431631
762352
351034
242664
754391
754190
774649
437348
495287
691553
888845
20182
993810
970321
686990
278988
913711
950624
940780
434695
346176
134544
11323
421540
79012
633632
554623
809663
816578
197199
857587
989271
704644
611548
702619
5777
828647
39425
624423
251042
423582
553056
962490
852657
608732
188566
634396
765513
50760
298066
864303
303690
980366
13377
176733
32342
993488
211233
96774
103343
682589
581309
196002
808936
863545
293084
795165
494486
874269
644258
812948
885559
424669
815354
583266
697839
340580
680975
758680
693872
454343
991394
200876
737981
857092
699268
893313
123037
711627
703799
924245
63479
474200
212085
867971
112478
29994
845580
912141
596650
398264
816125
155396
163287
890466
255059
348827
855838
738553
336075
544578
391703
775295
267646
718231
661102
259941
591734
400496
532601
660825
575304
142427
915840
505367
71316
303634
89034
456716
812755
973212
177637
971892
438118
627829
734924
416635
26357
213113
62318
113649
747228
93557
314346
987447
975036
777158
471090
520973
487406
986993
777245
340200
485943
244883
438830
758343
628715
817873
435577
209967
642725
551489
676644
943177
65600
761222
911721
175928
668118
610188
740424
928105
354033
407691
960946
284774
193116
722424
567
883008
751196
928596
571844
243947
996490
460660
804979
944994
520028
863812
972406
17833
10411
988209
788687
298846
177188
542228
804092
114661
435127
725471
673367
729363
486343
193079
372974
994825
191282
210695
139249
123811
871676
19924
12307
718236
752961
855140
9236
936637
44235
52078
374528
641488
507169
105683
397827
664891
551760
224084
633726
113734
284067
105115
613470
193686
309080
912449
800459
837337
699720
292387
26836
988571
58541
558264
866993
600833
583871
98663
389490
394855
807853
987963
652968
497184
8530
558061
53452
546180
219704
864693
930522
661161
924202
956083
326984
358275
142258
861127
947580
300112
814619
355250
482911
846186
391194
202357
574830
671470
717591
214390
824909
714740
739850
961481
136178
713456
895716
674192
774280
513794
547190
823888
343833
348879
645612
350453
591982
153903
998131
282517
729042
564431
839940
777644
322647
21992
551243
610973
334904
108508
820967
488224
95643
478763
865831
117021
834794
322621
399547
783001
181717
30126
374351
5161
820710
46083
412929
197895
813385
832561
991484
889650
79001
288814
933238
659046
708870
393725
657536
810994
814188
324055
917172
178466
729326
171790
224906
458663
987177
907444
764541
762147
32470
798683
63047
442792
936384
670007
570045
502011
648705
617045
322369
240673
487757
696348
484211
287751
870307
42819
826278
280358
690244
665058
265471
404718
25894
31038
834337
875163
938006
310635
423309
746988
362939
87965
742711
59029
845907
304362
612984
47089
985923
111742
750696
610978
37817
750657
801247
989385
288582
166699
473403
535597
955768
357957
775309
704556
58874
90885
271973
965175
222687
318851
934824
210369
284058
635227
357358
785472
961497
566945
97276
713498
79970
935458
403747
3167
665944
358946
873164
211248
999245
604562
882410
104246
260714
547965
406135
939369
990662
425894
103456
908523
870201
889450
6045
312657
420138
822176
669408
888595
329231
347717
914643
796315
530574
374212
487147
153890
229773
405505
443365
400104
876017
731729
531057
916229
624395
158837
597990
900605
719617
972539
108165
656116
251708
189319
195904
467532
707806
620038
113533
234056
205264
200816
327168
20883
134505
529859
719703
444499
402158
127215
770183
621367
871614
81000
621851
432405
382181
878925
687416
518286
435761
498513
963266
476085
646527
529738
251898
176645
219754
208460
266895
787689
334884
539662
17585
146866
956621
765710
986906
464812
453629
235034
65966
376575
936764
182689
765365
534753
403852
499377
484368
347016
522892
693758
52931
81377
155193
400703
214286
675483
493833
667574
128037
793697
851945
491330
290398
185129
553763
976504
67266
235762
178727
976208
662867
653714
991786
908699
333627
595730
542447
179617
683254
360829
908445
3114
255082
957134
31696
664338
35031
585536
11043
758871
862228
616016
74162
699465
633439
176413
36914
330181
494581
135828
816040
599920
930237
844456
913336
297279
314551
76103
907110
461601
809514
790087
978176
486753
62428
229757
901220
547870
776184
578162
805645
778207
133227
645448
945064
148383
874379
772196
450168
732396
795596
390929
223826
870593
185522
612969
593488
51541
711292
836046
385802
931993
618033
662337
742632
782256
954190
377309
177970
491688
170675
827024
281147
466302
406445
949565
605625
704854
996601
507436
693161
692630
978737
545840
302141
423718
953979
558757
548349
805646
778665
890504
20277
790378
383062
355473
638128
834525
597558
798442
942182
106503
502747
633872
14501
584817
631589
491349
540699
472182
72913
619374
633261
818403
93130
882613
365131
172293
260589
172460
370853
656606
318665
3003
628840
538557
538319
413564
918348
468067
890929
285616
549585
439797
627084
520193
11685
748932
521251
588462
693309
817325
40978
125646
46001
62106
163918
418490
253017
487893
277929
925248
575823
807833
893866
668272
669249
62049
742704
527418
909644
386982
752791
598682
376400
605377
745456
227267
397708
446700
432399
924452
664199
919737
905160
903136
407358
7963
386665
150482
651334
275957
337624
312267
577980
484036
818283
902605
951225
452188
981643
274691
809462
490848
27768
997264
703814
28700
230289
623719
191623
360721
542590
338890
58200
126303
853861
208311
74990
67241
947024
818949
210206
342757
10386
440546
992496
494975
311847
539239
489920
900039
877595
971131
499302
59071
381383
945897
112797
103393
300200
974899
60495
595649
884688
4890
643083
287246
232940
480138
191376
831205
480410
600534
170215
999144
334745
489210
583750
881044
937269
537914
149396
629754
264533
124044
488046
519487
197311
348788
960505
219275
937357
66652
165716
165504
596492
278779
8575
756128
405497
714703
756152
633927
582335
138598
256594
734685
77290
778670
369051
403703
291532
935117
905285
326313
698240
119985
196708
435896
30310
322698
340104
502896
844834
220002
268045
575924
332968
346381
773380
754188
237188
265727
906173
328082
975801
516155
551495
450623
107292
691445
87784
932831
630506
952310
234886
205528
329819
101926
610561
872549
946062
827008
366462
326542
399366
145745
655109
362195
900446
570285
173665
610708
508981
519694
335791
421891
581429
665143
15074
24408
901756
138993
138175
888528
634225
382698
442260
774190
872741
988526
286329
512303
258207
485110
337939
149743
473349
842685
783000
45079
51690
768732
278346
726029
537292
520796
968543
183578
63373
518542
845996
919323
473087
975286
972848
476229
988823
895900
326578
135999
640266
670247
692752
960828
630022
350136
320012
840963
141938
673651
714021
783709
196862
421143
744251
48812
585217
56713
358835
510382
472873
761228
654751
72207
119550
171613
118176
727858
191666
561061
118262
867898
840408
423548
655765
974015
243712
940887
508427
261007
358262
319516
620164
441306
940624
487247
561596
453617
166782
20446
875455
433855
920669
265177
454232
439309
276069
687145
835722
67752
624159
896765
481928
257331
598218
689402
962577
211278
794156
655676
866703
149648
738866
99987
540893
881409
352793
417455
65231
779361
345070
682996
29065
744941
726707
346538
179276
70951
813975
43411
846339
396070
589536
43909
942862
50238
137887
296563
325190
223181
578023
952313
294009
786779
954544
83409
207359
225152
596526
452747
824944
96678
825303
743131
862435
737032
733843
54908
266187
337536
548276
727934
105248
727969
884189
340510
371356
987202
471543
626545
929778
482294
293439
359004
53438
340093
637625
738934
336427
124920
720207
181885
713038
481779
813567
43022
206428
1595
166242
389690
470300
46299
435791
147050
818406
551342
225175
283386
708834
829259
658368
739140
855634
107237
6856
117782
50597
43628
403754
964835
847653
753157
817447
497849
957692
82732
947577
917563
532767
587412
742292
747035
975726
913546
943975
568523
177801
609162
31618
47059
291226
612698
524493
365650
432691
907800
316681
704673
894883
449547
96874
737880
58487
737124
758312
203276
86806
850025
410837
702955
923991
232144
708520
898481
741986
157310
389904
773152
872823
725189
976311
277878
214092
665045
679452
749483
24940
840726
321873
240818
708309
409252
688159
630217
213248
528134
488578
445081
391563
245925
395973
316096
907127
929716
96332
79830
596871
47773
705250
815158
441974
93234
213324
208626
536864
610231
410224
549613
208760
332443
110215
772190
803750
230155
736466
717983
370541
219021
216127
484902
489617
225533
22745
492168
158346
150370
145755
948204
296722
855311
630193
367804
922773
165595
592856
544589
620066
186544
717322
442790
856728
435951
899104
42868
396342
74982
16155
939259
795343
698851
178416
823728
757275
745194
318971
363443
412400
373647
864982
796505
405663
394635
24458
688013
481693
874977
980761
620624
656563
867790
44782
892682
54959
662401
871535
178350
514619
777418
624174
42508
112312
323220
587016
503294
809298
606279
371745
34488
617104
99459
258742
18746
442663
69922
831837
22641
187721
623181
783697
16121
967354
946571
21561
339179
348086
695935
777488
631561
161748
400642
500025
492560
460940
344401
711007
470732
167440
390497
393264
307535
935104
557479
886082
726321
590950
437224
778279
876608
193730
686625
535013
211623
140162
47818
222756
184880
535522
444246
119616
959498
988411
802180
852935
713024
311866
222794
685145
71029
555349
24492
3988
135611
895029
344906
791812
237092
451818
602721
39066
237230
432146
761302
468944
420891
271286
681736
390249
20733
314922
516595
344377
49039
870697
540525
326415
714232
562865
826066
292441
207195
209457
327488
300990
988214
749382
490255
553570
916319
671876
788060
434749
980495
362330
232239
362049
932998
570696
869437
882870
748287
514722
554616
435923
602780
569979
498847
956734
159221
726822
170708
967433
482982
914099
137204
444479
847088
519719
139763
168658
48789
632874
100948
897677
278177
859621
297867
884924
864248
237587
317084
904725
907268
427736
995306
63021
138641
20366
465048
639101
637819
282704
783099
278935
299738
369931
90218
743034
484905
187505
891079
177205
633960
99038
143239
827889
243380
782642
794819
510898
838603
632521
753758
965234
725217
799277
821667
463660
384974
752345
351772
975705
273629
803015
351054
677599
797948
538073
42742
241769
411059
590771
461847
570328
132753
566509
164134
817967
195037
371647
544435
104197
48287
471895
612916
741009
280460
771358
199673
976052
560822
733045
72553
822380
881169
963264
595965
799108
842876
610074
26440
378483
667700
384882
769444
68704
654594
667318
557103
522569
290721
150700
208590
607913
424986
571204
570126
362011
823707
612462
720424
391383
177111
404694
916678
716081
766846
562441
806509
647446
976266
20744
363622
996326
871453
239862
977778
816342
359090
382221
275697
225831
331711
361164
583454
884692
295892
48052
275824
994560
52765
200628
54235
273119
222314
704884
810342
768574
839656
817784
823401
800415
989208
626729
45310
725253
315526
786615
223145
151311
460620
843369
82939
160218
751239
669231
628302
942734
833287
763393
83012
871640
427316
916417
905131
920549
459511
268545
387809
373460
912220
498024
400503
510661
684963
326235
694032
511713
567348
168185
122744
73475
805140
976540
824125
762386
207814
791743
186190
107208
577871
682568
597494
28650
508139
295118
764811
670266
790980
589677
881903
435552
293911
461485
900429
546440
260498
174655
471647
922842
322863
117727
926251
734157
60842
409760
665738
303363
885284
192428
646159
121
754258
318173
585573
635727
951638
277656
507831
175657
524326
767677
422736
73954
187601
86660
786771
50873
213727
182982
480096
43259
304043
190600
378058
555321
853676
345832
901532
163571
751056
549055
178257
276107
217634
21976
640034
797986
900337
214823
813812
28846
539857
978399
796699
208092
881569
516247
891162
839988
627436
675586
398626
869428
752930
290923
636499
986462
67293
134659
179727
335608
205175
983133
343134
1806
645633
908804
742758
222148
540335
93698
809403
802457
639597
339741
47766
788884
511702
842096
69023
364164
516844
105227
796781
648492
200703
47370
116723
638077
79730
324615
545848
64533
36983
607729
66744
74540
970170
537750
142786
180326
991489
266030
156223
160664
685992
817673
93845
969952
412061
918289
958390
793216
481046
955906
135254
202789
560817
840542
509828
367325
317034
432485
283339
810971
802813
734309
298617
176631
914755
200743
380826
668298
551572
615882
259965
539110
902410
270738
372373
75984
708689
428013
814393
169757
406648
524871
199426
805842
366758
506074
225227
835331
974075
217180
42443
289482
722266
541220
158847
378603
510081
592906
524606
777455
263198
558344
518626
977693
678492
602080
674725
410775
830080
499662
287802
591528
320766
573633
775494
543393
918986
806462
84790
160300
793879
141175
872818
435511
283537
675445
573174
651814
877601
648422
420299
442831
193281
859798
180543
468491
49855
600732
246831
799600
722604
516138
559502
557940
360693
157847
764754
468040
582594
435393
688619
859266
415319
660881
421101
890035
531697
665187
106866
577883
800088
879725
795462
986031
45744
476425
338713
951955
46494
348382
152381
452418
16520
818012
86682
299065
36200
813412
697256
256272
205712
215825
441551
924666
993874
917979
400126
861404
434200
769373
555836
924857
959841
523843
976895
260017
973944
960835
441109
839330
377615
739889
39183
94558
196053
122293
795172
476528
956934
925939
350631
945579
190696
597834
182350
195073
20388
106672
477313
726842
699869
710967
440037
844889
3307
729791
828619
541712
655765
165375
249960
503526
889311
204279
145729
558675
402008
519339
312933
971439
391126
432812
207861
464505
73610
175683
988375
731638
681940
182219
196522
207655
397288
986308
831555
682069
90851
36116
997456
133395
903967
650675
433365
755579
839081
752254
580849
608795
784703
378837
141070
157713
795599
301897
639217
611652
536394
590703
166165
718988
48252
27606
654219
762270
696998
290453
852999
783296
701079
358330
459789
437982
407232
998620
949224
668412
991665
427155
355141
373896
702132
110234
785081
689684
411120
251301
240519
509448
524474
496313
321219
222940
728589
435910
984280
166056
694406
460945
814639
673741
178090
947036
85742
880724
343354
53725
769980
320063
743039
220733
533946
315359
905670
285831
766609
578497
593530
411370
520037
355734
261801
3103
217130
884015
819884
26748
923308
507866
634027
905940
721253
348444
342157
799259
914852
931240
741118
529253
597704
432734
526204
673368
824529
915590
715515
92189
27015
92389
473460
503831
70285
915908
526013
817600
742553
841152
641564
988345
596285
754962
983642
181913
775458
165527
336489
394697
661026
445288
926222
860411
847812
924424
922788
465736
4132
685800
792809
510053
301411
433805
708307
452027
141865
597447
886938
958304
511216
857991
234328
717488
843381
363840
387680
601060
503886
498535
528540
897150
963972
723127
564572
255799
833623
347126
157460
696898
313674
578295
476243
812205
439188
260706
719810
707225
48665
750732
279646
221610
216185
229481
495005
384402
591865
773093
234933
439076
85572
525237
114638
780924
308335
725753
811910
794951
702404
24851
344928
353137
311276
941053
236054
252753
607735
634671
361471
749328
185208
541765
447512
839673
163365
566225
23015
381158
831130
865134
126899
18442
351723
325535
168686
992597
806153
687666
666607
613161
900843
498093
598072
619652
880717
873890
809271
622896
150307
792183
265974
144788
778837
624913
130104
808768
293639
102208
126986
980532
942148
982128
992370
284586
4097
75687
15098
496402
295557
879638
314386
322259
187767
884349
303530
167523
266436
793283
275383
895438
999216
264829
145147
190044
855526
615704
380907
225983
382908
777440
700933
993561
535196
137987
395829
766811
868800
709372
963260
278819
84508
330690
446607
702608
419141
348466
82281
723043
587345
507553
46730
530922
237192
344145
357671
403158
663894
19283
437341
289700
100864
354649
507120
981987
485130
475987
452152
119186
962499
210311
498254
116083
745387
979558
248644
710673
984597
820727
588645
906620
621672
475398
510082
305679
307325
494416
362108
73254
678427
791401
862772
957343
156345
952810
562685
380474
50830
433067
545986
806560
614520
750086
551030
617359
24312
40717
790477
380421
471641
709387
15384
565377
297266
798048
51369
291482
772354
705659
877860
143857
185345
260507
674388
759950
931529
986649
605938
152773
684345
985893
915167
549428
367976
278539
683371
880694
616733
120234
510106
79264
60107
97814
12553
410637
361228
176106
389584
766660
299041
737135
646884
516068
141032
390499
697791
244212
599924
807047
680525
983564
298242
241808
737932
160317
504350
343638
580074
111693
198864
444158
831461
752634
432524
473626
499804
768464
823514
530780
461989
595669
528453
340501
887251
567446
147434
926400
344633
646256
205125
842157
593213
189764
107903
409458
980485
441902
562809
706621
304423
213268
120594
879482
127055
916839
744950
492665
801631
956898
218286
364919
736589
264659
613128
191781
198626
186365
23644
741655
564669
181318
146906
856292
320048
44962
704666
838983
318487
641084
952239
108936
602074
645884
406937
778596
76386
844282
296397
643521
541405
298047
134325
117611
885427
615779
673037
715586
371157
902147
258815
618136
605241
570226
635779
513741
90209
604306
996264
507167
786348
23196
489230
372624
147601
574019
157304
660380
786334
881618
964988
547584
229455
555867
436631
235832
445773
886714
116057
878220
204466
371929
829865
151396
242691
859447
592532
836194
171133
163191
358717
785439
190363
757277
947564
696082
154727
341760
940520
398966
345512
761449
293861
542180
999693
58250
929647
596603
867095
958834
696463
356296
64119
446475
907081
655013
292338
977351
938409
500376
275904
413090
959064
998018
251548
368756
402735
454041
899887
432421
762310
165505
113709
212997
154201
581271
803810
639501
574800
861494
563873
355323
516342
903948
65050
295130
141106
841347
602572
86249
563582
739426
179843
113430
694367
758482
116987
253833
296062
956662
10191
64156
897781
174654
556251
232039
19505
25264
935451
464945
7666
401139
879828
156649
61271
738593
563750
900866
606851
5371
205782
472688
787289
397767
548219
355616
511968
615359
21675
644944
309438
380305
860322
621928
927138
76851
106893
69566
398269
775534
863982
821578
328098
656807
912146
304514
671537
698777
804585
419824
924465
796354
51419
558199
780493
92594
442211
91459
920009
102248
211886
280605
153901
448450
311523
662071
567472
690565
652592
113804
729714
349450
236031
131819
239404
468049
426743
657404
528425
712814
792348
294226
599268
479461
414029
709494
388809
193455
824138
42921
536143
550755
561968
680861
742891
828424
761832
448697
76945
665828
859060
288139
12974
774163
33541
26340
657991
523003
652143
252979
550922
145995
945220
643757
463560
130680
971903
194315
71486
479237
47275
729237
633438
879721
147022
696930
165191
568302
214855
213461
912660
233380
356195
879044
567579
675458
291086
69031
103977
789909
758014
608064
155994
878391
98654
755526
83622
73509
192954
501519
803436
390170
613105
772070
15057
522008
950157
168031
126333
878761
493599
146659
501916
608977
140803
463888
77811
567208
335857
197229
848618
833774
532486
594155
57559
682876
479720
522730
217323
64571
953107
978686
536555
444736
876596
253374
134228
453511
656520
684516
358954
13806
325093
451781
273637
350136
856075
557498
932779
254524
596799
159278
218029
582569
383684
578063
992158
380385
717715
16481
574068
42036
909757
426858
178351
871841
756426
602970
196521
893799
461229
330494
138274
647897
7504
322350
71149
296427
646501
850780
316569
795926
849677
639141
484846
641871
228763
606033
573450
649692
696243
252739
235419
314246
149452
266263
411227
308194
869213
148249
888090
991879
990935
96891
75199
678661
937535
47139
844051
181604
70903
650541
52899
779949
951581
445758
338865
298924
277926
953292
777284
234007
987953
566858
995328
126985
891037
850756
123443
201016
928015
357099
245586
670767
122842
748986
502789
856782
129471
706506
417044
480184
437883
403670
829254
526599
271902
933439
375405
737416
85340
471672
44927
54839
7517
978900
904781
660651
735784
418196
920441
478205
933570
774464
588874
839129
573128
688465
489138
852756
918124
916680
61933
589897
363298
727451
537504
963494
367769
453541
662053
247114
333583
445994
298096
334137
339522
704317
720184
985802
423570
591495
190574
16862
124038
44430
365559
767309
258345
643871
302523
127632
980555
839403
292529
849125
318952
816173
715822
484918
14362
980129
644455
533432
499269
775147
77992
609331
530357
983991
662902
886565
238493
670008
470310
266591
564307
715981
282936
845706
203340
7166
766976
210533
114757
800533
803066
11206
116193
744909
743416
731836
435779
459417
541329
763414
73340
129671
445022
965309
207098
508795
285768
449358
69658
984886
85638
317031
93563
391933
847275
806869
612922
677740
945291
256390
340495
329708
355917
907309
497065
453936
248724
772631
676710
535413
53782
734095
85922
584070
293172
239804
739824
245624
537882
358418
437470
23362
596858
603209
157366
200679
641081
513763
469151
10276
124980
186014
891839
554149
144650
136625
875499
13695
157801
254123
979157
34841
817962
437966
398599
865871
230265
723736
450703
726642
126022
925233
955206
964677
461390
477171
850176
951457
310537
632277
509469
169406
357403
430322
92504
7465
471631
951310
412208
243011
642337
271592
149978
619676
628960
441625
646818
879389
752574
544438
247748
550444
498439
150531
263526
355267
557196
478062
58130
806670
208089
380117
711518
502644
670144
951745
724849
265226
829774
492606
180380
704432
772160
933910
468869
644779
404891
211955
317225
293818
336052
819445
602122
932148
57223
696055
420205
787283
164451
992206
251054
341586
862048
291260
973791
956501
193399
311400
648880
353427
127760
411234
219750
636390
966879
742329
380564
761652
653558
110742
926076
30294
62019
276034
510818
346533
586507
2124
556148
248968
502887
899459
500782
156614
511265
46478
680935
912654
619764
898186
634715
467200
786865
37447
939586
140217
432570
628754
115252
298935
962385
179809
390049
52255
415013
811599
537797
575982
429560
536132
236613
690000
747674
576341
303839
930676
381820
955889
881491
896628
150065
420736
128228
701034
879936
700977
262592
137525
993500
760736
532563
289158
960289
80412
208854
808858
8307
885045
968875
33661
236139
666202
751940
750280
553231
707188
53039
161320
856425
884499
133127
585075
112395
626628
603432
987310
835863
830525
622983
798380
871888
124488
451378
330336
551896
446104
455950
105908
653591
69460
664176
681011
436778
838722
561602
351357
644503
817719
441207
94673
10278
46438
827652
109239
214189
245669
381811
59738
907081
892807
286913
769793
397360
378519
333496
833620
45600
869065
328969
942508
164884
543932
33498
669094
621007
124830
605119
43192
798877
457421
528166
64789
885445
628578
560963
381183
734065
161784
587024
231925
714521
767615
643000
380770
483632
775588
146369
769485
15646
375118
631967
608660
489516
329462
302063
628524
978246
40837
712225
330519
566213
160171
545418
912458
977911
550069
155444
777421
65695
222550
26151
356475
928747
468084
625903
767225
432284
364085
561860
21092
686838
52854
715883
109081
218291
99852
312643
537476
362046
383383
719756
420762
588843
908926
313994
124624
446179
191256
11013
181245
221353
159114
547275
558437
609570
788992
551975
809243
78031
535615
872010
946752
673334
37348
476186
500119
937773
678343
515465
798194
530773
556247
209298
451134
951874
637410
324896
992671
313544
451803
340699
973868
963457
172945
247045
84482
191321
431598
878609
509911
895601
89467
276607
877859
351713
326901
372569
371423
743981
300103
484199
302881
458075
821236
286141
298570
787549
386104
60742
625167
940192
39300
461768
315896
20223
709175
447127
246860
257578
83378
601416
871574
608335
24301
47550
839720
683407
19909
576164
379514
619907
259442
728634
849277
924678
143070
28613
31158
628301
759501
522912
108857
875219
761408
835859
620687
278907
887746
405024
893838
415772
872216
117077
125531
614646
380502
221456
454874
788246
390722
516253
442345
733403
625156
235044
81541
854956
929078
107652
315320
205049
430985
123377
848884
730645
339820
144555
543804
506434
218016
886234
220525
593639
377135
594909
910478
999
599955
630231
421627
235494
187283
820673
511588
959189
933178
929467
398026
424476
186184
287112
599076
734346
268416
444077
694559
302584
107412
90804
429728
880330
62551
864741
275380
125764
27271
833115
640733
904712
520410
18135
93887
848948
550275
695940
471166
143817
694864
345665
39
894562
758861
491519
710290
897947
107273
815097
693021
10491
94386
608152
90269
922523
661234
534525
642624
670433
310625
871616
121299
693929
586049
99703
438434
660799
148569
485266
699125
322144
148712
111575
977877
811444
589885
281415
184950
334217
899392
48990
747375
340329
520272
751346
323786
943722
380628
201477
826138
651519
277264
813854
805092
564926
2947
467173
976526
101031
137747
167253
375913
145509
683134
786026
841627
601073
783232
199537
921201
207523
798180
992821
452136
517559
675351
487112
610133
608690
397883
409392
92109
26302
581681
72312
263407
863498
818260
476414
922608
414470
151443
301209
73558
70313
378317
402555
198835
202270
111579
508006
837319
735312
749402
624452
426489
358787
428666
848132
510562
766661
226495
74794
465803
82043
679571
695864
58057
40308
566189
561832
89899
353896
819020
618860
1884
372622
557873
446755
583687
488014
890994
260282
521835
288685
251794
737291
423275
926320
20457
602042
146654
366673
359311
55962
520911
131592
171337
85507
39606
838752
780885
103580
420055
741984
838763
690975
429923
766539
405173
722341
914308
452987
944428
157841
723168
574490
352298
412548
427824
574460
245920
190048
455329
499968
630393
237890
355698
582917
133006
616079
956829
698339
464836
988752
236773
553665
938733
224924
622781
352242
100396
709901
3199
165212
215694
446370
458111
50264
956271
750481
426634
323095
14569
994937
618319
54328
364565
92445
395395
7330
440832
721615
979235
637992
408674
428864
590980
769418
740656
150809
220473
174633
844575
34932
869999
432133
275930
940515
173885
921446
289918
529028
496516
383761
456088
136547
288313
909390
974846
976059
955890
849733
218737
337724
759657
441671
934283
881433
851701
970088
461228
33115
939485
777813
786921
202837
773142
543256
487803
897371
962566
943771
601868
15794
343053
33685
716494
659613
81136
872061
801817
969680
336247
176854
618225
769741
610419
876708
952037
894522
279351
949733
164962
661972
545709
775877
242345
250541
624791
233024
133396
718651
964011
750536
947333
542905
774170
880842
785425
795248
874396
344190
763415
536198
581081
341806
690244
989185
505260
545163
741716
956228
655768
804855
849532
860748
458411
587086
532854
781956
742628
579565
963994
848406
732362
843423
138633
247264
191759
588135
152954
753729
792058
899094
40517
818831
989521
974698
848828
361524
928379
714382
471483
370643
993704
688249
144246
674080
533109
72694
831524
320035
286250
710371
684601
614483
283671
185594
496680
427635
333975
812823
461428
93085
525834
450549
189283
724705
79057
550114
731543
750624
996850
254310
309274
356947
140927
130673
31135
550407
869873
963009
917981
228860
753422
307874
205783
949678
17961
434791
620914
87622
634765
330073
666610
539152
729681
412975
273671
443222
940361
850955
925593
843698
186835
195219
379482
76488
690642
281722
647073
131974
480975
193764
630681
702368
968636
588424
857647
221841
781480
751054
595222
602085
974233
374167
952161
427571
220837
915891
793673
98344
274439
359017
708913
363065
577548
862916
856182
629863
656387
913043
885729
701574
508474
697595
602344
400966
738422
296890
36560
3485
47690
401491
679340
735700
807019
258594
402740
758121
688568
912744
704323
146164
48066
591157
137397
520760
825460
705713
635097
605008
712835
347240
518048
685276
125745
578883
421686
93348
146048
418610
900070
537330
467172
854509
835432
571161
654043
409560
423015
933100
572668
453683
629176
251962
880675
806233
301062
669732
186936
677054
615289
950683
478807
874263
30591
212108
545555
505053
303915
444612
183944
533095
872185
559951
363617
123693
217571
976463
713510
477646
255186
110281
128063
763378
724944
676151
42394
509970
918838
507368
456437
796244
966050
344710
749867
101265
608951
312814
957544
159978
253810
302529
608911
356630
752049
682682
866160
618179
558751
849824
486313
935412
651094
860314
830755
165157
448742
910225
711956
71865
132790
835973
693199
65922
986948
529862
300506
611522
221324
557214
35294
692649
345262
829063
222197
976542
288642
836824
487366
513039
459216
918067
440919
777386
855187
286914
739630
615982
465425
928658
319548
382227
921603
977150
58066
866389
923930
530677
334534
369047
592561
779700
780400
787816
726589
720249
362909
931807
290424
788162
725569
793400
131692
965538
533042
657971
604650
968409
921716
108436
972538
131488
593483
355973
326130
571078
967227
727282
74913
659714
101755
339201
192335
159320
657948
201885
292661
279293
259191
154188
565940
865280
637382
768214
812375
83774
218117
233542
533852
944674
261602
395246
21240
648563
703175
466821
903851
865194
414610
450954
681713
43084
618927
778355
256259
635057
869248
770438
523828
494850
915321
585281
437061
915891
236023
461569
971336
157604
130285
457694
241427
850091
984306
315694
951035
23274
153159
714873
713647
440662
266239
418657
290126
644767
877427
419087
756017
533360
298056
937090
677675
177521
290257
690176
954382
823237
620886
924972
484632
533402
90934
694660
828037
174086
907156
179525
58953
949943
332063
571858
605222
83015
718613
129045
372516
415621
786962
633624
602638
150567
748836
492214
369995
701617
838158
848220
533509
182256
785907
347982
822013
336570
116001
962923
913786
759428
467443
829582
572459
432153
248004
265851
921122
233685
359365
313968
603343
946324
969657
308077
45569
829521
447852
14683
788148
825724
617291
438105
989299
257332
63545
350376
95437
320786
621967
537833
213260
843829
495577
631958
395014
812432
930472
893570
606629
847663
645788
678146
911839
536447
28973
587082
447672
535910
845979
898149
681723
596481
867460
401428
633504
782470
770694
34098
653258
133522
862156
227504
49215
145588
278650
21480
26172
74757
939302
625240
597592
451695
272063
887823
273080
207585
491429
486093
535880
102135
534470
369976
641884
855277
990334
763780
763299
768808
599973
323061
738466
322300
752258
52252
76237
6928
422514
456119
607671
278406
448163
967940
936633
920693
590246
167359
312066
51569
455001
788746
945199
314371
406759
656336
641882
579347
796613
691725
6309
952178
839535
190573
262535
417102
455957
897675
131425
653446
566296
454457
646409
365941
117306
983536
221027
716110
591588
525763
799218
717095
93356
132888
107960
644556
270901
182197
579149
357462
374831
585818
304285
352352
678547
18859
300044
276683
870341
179275
651924
235537
325613
190556
676846
312319
564611
243114
280515
43483
208154
997177
363416
198541
65155
561171
136388
785461
855668
538330
376841
402706
350046
868537
491694
448523
80608
911741
888727
954297
391842
833817
477
50138
12823
762058
367455
53583
104751
306075
245300
206352
638431
723133
140734
297416
291962
214962
790608
148493
296754
848096
355910
991259
549076
528039
647407
643150
642708
933921
744091
660560
930652
215504
274985
479526
545229
53517
493500
183371
456234
671367
478902
640596
319986
442352
637368
740661
795267
561340
869767
200431
914693
348691
300284
565510
760168
120275
590268
660271
338529
262656
249360
644755
295282
468372
967679
601404
311367
480787
84900
318436
446470
327697
923174
366264
140504
648862
999952
805651
11913
689156
782368
926902
202904
807421
53519
388026
933429
123719
225767
136363
165669
832037
79603
387781
841271
465228
951425
774748
767215
740321
835520
909860
517732
280057
574342
628694
980352
670226
892482
847119
71712
942843
109733
386744
374068
375536
601292
978
841820
255300
823441
167689
655884
897341
34697
550920
451695
294860
595534
164303
634554
58266
876939
597056
1830
696724
159250
716421
466395
820171
661369
252301
123741
852842
884482
448382
914981
922543
899108
450616
478818
975154
325883
655711
553260
836492
533750
479230
453930
810069
780751
728140
834754
892845
623872
171747
405940
483106
683753
614092
654941
230081
846362
311705
415742
336137
808209
290725
731876
814187
129401
954555
210850
169252
452981
818953
829808
238031
722090
359498
893892
788705
582014
808668
99858
693962
418994
800437
741590
168399
495323
434077
431217
670182
357599
317506
143235
48299
701657
517653
795645
345819
446255
540596
534726
883864
367365
930516
848237
981275
973439
854901
264436
765232
959193
494200
37544
878707
340239
282378
448524
740594
144138
252708
142988
68711
899845
52345
419480
559731
728846
971134
380840
398756
985221
528533
534966
386479
117366
26762
575809
207850
774161
236039
653893
721305
445678
716184
482546
135563
808946
960628
491627
938556
659940
851362
819122
62763
80888
177294
155028
406863
989318
817249
253603
558612
352447
69174
804790
491760
852306
504309
286490
997290
365894
176733
319551
75205
531338
844860
159863
301870
515878
903646
348321
824174
516041
702799
111592
723877
734259
664782
278859
220343
456054
981212
787161
638300
847778
643559
201703
169419
23152
199870
588515
938652
91357
40056
824611
290205
493750
624888
62412
256450
533216
625600
572462
357400
93979
531686
77477
806695
227778
406874
981679
909701
893709
736109
816976
106258
451497
649536
6630
590839
126123
614650
817006
958527
64461
356720
555043
411118
66667
596375
433577
649600
208576
121772
558974
346518
965349
710018
54323
341216
437413
189457
193698
673334
573995
962402
478366
470277
234020
501217
363734
491613
287848
311849
131949
180243
33532
654160
931124
831840
391613
674918
478594
781086
387724
459326
697452
29756
303343
28262
838995
364151
180061
701690
741508
251116
567075
781566
14175
739141
710472
25212
291666
57653
895209
862770
336139
332679
363670
427272
26418
499862
231514
9185
635025
884799
901766
402241
659109
252068
770543
833882
805636
826274
385919
148639
999004
290672
743797
657752
663879
589986
299165
930753
893091
733746
628818
548494
401829
885662
795239
446911
669887
581343
711884
784266
85724
231182
956896
991036
276622
45185
689151
839297
317913
337499
749672
422975
935829
738339
213198
882552
632816
423028
663392
958477
218212
637111
22947
919526
498471
761374
629696
369504
986895
339155
306138
442595
827122
967303
155832
564153
444887
225513
440113
16441
901743
777217
128331
171746
901403
785579
797302
977500
898817
105565
236082
653678
988653
647074
489386
813724
357735
6670
430496
70678
595504
46923
413625
684473
770397
245080
650531
408223
753067
459197
627047
252705
33075
751519
999642
538703
685132
109579
923335
690138
763292
663128
577293
326055
458350
391188
649915
675714
73465
99982
628698
320486
793886
971153
658049
664570
331723
402126
235861
269373
901461
400199
440425
519498
408110
743526
506089
683962
258513
599526
215130
436216
145166
601404
31947
179439
770927
231459
693874
865736
460035
43225
609584
131671
358219
975137
407450
312801
232141
470163
970183
788419
786982
102749
314038
184007
938699
483371
179910
337683
295253
723591
970960
143775
433968
155236
785410
569086
814452
757931
665053
343347
427744
559398
291152
504830
54101
5761
349119
189461
176301
389050
822500
624077
102445
107045
489139
484255
639970
682468
234162
320726
914305
186251
868053
303006
30814
999352
622033
315590
620355
362590
852882
767919
347098
711412
849298
28845
488002
472005
144755
165495
609995
429498
713852
637628
468243
28485
26868
15185
42128
679655
68412
968771
219646
640542
758139
732101
813496
625171
850632
859768
800362
694876
906444
813227
615141
978977
784732
911930
492708
208401
110723
13196
214556
125592
46829
166584
799343
495221
956547
249900
681913
