155
936
1836
2076
2694
2883
3182
3732
3782
5034
5255
8583
10368
10783
11772
15468
15702
16807
17661
18110
19464
19586
19888
19936
25074
25826
26114
26408
26469
27588
28714
28778
29692
33055
34809
35178
35884
38675
38879
39994
40011
42213
42300
42900
46643
47052
47225
48065
48887
49829
51436
54375
54807
55650
55667
55849
56621
57985
58017
58634
58870
59631
59839
61550
62171
62866
63231
65439
65615
66004
66256
66467
66523
66995
69620
70059
70377
73300
74323
74802
76023
76703
77740
79822
79944
80201
80629
80674
80875
81351
83631
83708
85275
85620
87107
88293
93516
94338
95259
96412
96629
98195
99635
99853
101009
101857
101866
102858
103839
106110
106659
106752
107930
109104
114497
114524
114695
116592
119797
120472
120489
123363
123522
123766
123809
124090
125044
127719
128825
129288
130768
131847
132154
132395
132488
133978
133979
134295
134398
135688
136032
136639
139241
139735
140284
141055
141305
141345
142004
143356
148010
150408
150476
151442
151943
152077
154318
155482
156325
158450
162398
164092
166805
168365
168522
168633
168684
169509
169899
170936
170999
171275
172283
173906
175165
175609
176091
178382
178794
178867
179217
180001
180406
181657
181806
183966
184124
185706
189975
190064
191730
191962
193763
193905
194314
195269
196851
199649
200232
201328
203721
203877
203885
204841
206937
208061
208227
210159
211572
211694
212615
214352
216171
216274
217438
217553
217814
219273
222990
224300
228882
229076
229746
230355
230493
231621
231631
232900
233224
234452
234619
235175
235478
235609
237159
239745
242520
244143
245947
248427
248552
252652
253697
255930
257616
257660
258032
259640
259870
261979
263010
265009
266320
266891
267797
267917
267957
268325
268621
268677
268680
272212
272287
272373
272873
274257
274298
274941
275151
276770
277283
277610
278270
278438
278860
279155
280258
281230
281270
281323
282485
282673
283987
285555
285585
286396
287500
288349
291205
291242
292107
292483
293131
293328
295303
296208
296534
296728
297811
298403
300714
301027
302130
302156
303879
304130
304137
304245
304458
304786
306202
306403
308583
310044
311149
311831
311982
312380
312579
312683
313073
315101
317063
317249
317375
317576
318902
320786
321201
321703
322683
323653
324048
327126
330922
332813
333331
334229
334301
336759
340577
342046
342648
346396
346984
349474
350728
352722
352949
354396
354561
354863
355754
356622
356691
356739
358329
359186
360143
364453
366655
367144
367290
367647
369070
369471
370573
371387
372386
372580
372589
372703
373419
373610
374559
374921
376919
378235
378718
379042
379667
381283
381307
381549
382427
383157
386047
387046
389093
389407
389468
389683
391112
391860
393773
394159
396360
397368
399639
400694
404200
404460
405253
405628
405769
406003
406316
406503
407539
409049
409262
410106
410449
411015
411160
411270
411884
413600
413792
413893
414084
414832
416083
416409
416687
417592
417852
418470
420771
420788
421449
423252
423267
423361
423513
423840
424067
424114
424646
426274
426315
427878
429092
430236
430240
430794
431895
432097
432614
436422
438500
439165
439643
440346
440889
441023
441894
442188
446013
446022
446444
454734
458356
460501
461936
462052
463522
463887
464487
466101
466365
466911
468105
468299
469775
469877
471142
471450
471500
473228
474000
474400
475700
476391
478014
479029
479798
479911
480221
480679
480801
480919
481754
483637
484670
484975
485489
486678
487026
489072
490501
492008
492367
493381
493964
496666
498503
498528
499059
499527
502503
508476
509829
510619
510953
510985
511405
512120
514281
515528
517852
517995
519070
519894
524412
527011
527596
529818
529871
530033
530162
530328
531624
531861
532777
533130
534285
534822
535315
536461
537760
538370
539113
540658
541088
541157
541348
541796
543295
544190
544268
544695
547703
548232
548801
550140
552640
552695
553009
553181
553936
554736
556671
556869
556916
556920
557001
557309
557463
557540
557603
558473
558720
558958
559070
563226
564240
565077
565621
565980
566386
567298
568913
570312
571231
575279
576929
577367
580814
580881
581586
581974
582422
582955
583234
584308
588473
588531
590985
592322
592684
592742
592970
594884
595752
600389
600545
600951
601847
602172
602847
603897
604450
605350
605621
609443
609909
610678
615726
616143
618433
623766
627071
627804
628597
629969
631712
632134
632167
633549
634384
635536
637914
639925
639962
640017
641583
642834
643670
645436
647799
647918
648766
650950
651378
652857
652980
654027
656498
657392
657910
660086
660480
660612
660922
661748
662628
662866
663400
663603
664503
665051
665056
665969
667622
668987
669461
669713
670756
671378
672018
672491
672948
673031
673828
673951
673953
674213
674739
674788
680081
680969
681081
681492
681939
682223
683361
683408
684088
684242
684446
685672
687746
688265
688920
689713
690327
690467
692432
694008
694087
695870
697878
698734
699412
700025
700785
701046
701190
703325
703541
704490
705315
708682
709410
710735
715089
715122
716485
716488
716761
717272
718388
719032
720018
720442
720705
720891
722257
722640
722668
725510
725840
725932
726227
727406
727936
728829
729143
729697
730114
731033
733254
733679
734525
734877
735695
736998
737207
737242
737246
740167
740195
741354
744035
744296
744422
744470
745119
746533
746895
750691
750904
752105
752960
753138
754065
754303
754401
754748
756268
757008
760113
763054
765760
766759
767182
767872
768490
770404
771759
771777
772450
774220
775488
777741
779881
780733
781430
781440
782048
782638
784056
786137
787176
787281
789295
790096
792472
792784
793519
794247
794650
795218
796175
798788
800718
802367
804002
805781
806769
806855
807634
807663
808610
810434
810888
811059
814441
816396
816625
820246
821011
821180
821478
823397
823773
824244
825234
825609
825942
828290
828879
829683
829887
830195
830773
831281
831704
832680
834241
835314
839770
840892
840931
841530
842402
843333
844731
846651
847880
849705
850118
850603
851058
852588
853350
856002
856395
857282
857294
857698
858170
858610
859500
861215
861269
861774
864155
865184
867256
869123
870500
875666
876119
877399
878700
878814
879449
881786
883090
883783
884062
884813
887015
888112
889268
889278
889900
890832
890987
891346
891747
892001
892049
892337
892472
893537
895069
895452
896056
896982
898715
898728
900288
901569
902220
902572
905387
906170
907250
907360
910259
912422
912923
913194
913197
913469
914133
914222
914716
915499
917681
917979
918400
918598
918655
920423
920872
923482
923559
924299
925652
925774
929196
929611
934614
935258
936262
937364
938039
940510
940680
941429
942546
944469
944559
945880
947582
947687
948090
949663
951118
953382
953999
954180
956448
959187
959235
959400
960166
960524
963794
964500
965205
965637
966134
967130
969125
969945
970232
970405
972763
973721
974789
974796
977409
977520
979852
979955
980252
981450
981706
983189
985159
985224
985385
989372
989608
989847
990669
992657
993625
994834
994951
995489
997467
998189
998598
999121
