808610
168522
170999
387046
180406
575279
285585
466911
878814
814441
843333
673951
510985
389093
660922
85620
752105
367144
281270
210159
476391
203877
657392
152077
321703
816396
527596
265009
641583
484975
282485
267797
864155
291242
535315
431895
369070
293131
418470
965637
588531
166805
278270
189975
469877
917979
780733
116592
55849
595752
333331
594884
19888
15702
726227
439643
878700
708682
120472
734877
234452
304786
248552
592742
972763
994951
356691
661748
411160
993625
369471
771777
568913
70377
662866
272873
480679
832680
426315
830773
623766
340577
2883
557309
924299
635536
441023
828879
577367
346984
334301
85275
169509
168633
5255
255930
426274
212615
277610
169899
616143
727406
902572
729697
634384
806855
557540
893537
296534
865184
849705
674788
557001
847880
423840
417852
639962
828290
719032
537760
945880
891747
767872
934614
70059
413893
352722
582422
128825
134398
479798
352949
366655
208061
274298
648766
404460
432097
58870
414832
219273
399639
200232
861269
172283
879449
196851
640017
720018
409262
720891
913194
296208
74323
660086
463887
539113
565621
16807
752960
757008
263010
106659
660612
956448
381549
400694
558473
541796
576929
379042
902220
877399
432614
106110
101866
967130
753138
770404
80875
857282
462052
684446
989608
825942
429092
999121
239745
556869
190064
940680
997467
292483
2076
158450
564240
277283
133979
581586
56621
600545
393773
891346
42213
74802
114524
278438
953999
944469
386047
831704
320786
322683
835314
66256
394159
581974
790096
51436
302130
867256
654027
592970
356739
204841
979955
364453
125044
969945
974796
529818
629969
592322
914222
35884
38879
912923
162398
420788
888112
544695
181657
148010
527011
180001
941429
417592
35178
672018
132488
716488
736998
132395
896982
756268
543295
259870
267957
553936
175165
741354
306202
895452
8583
861774
233224
95259
288349
896056
571231
73300
690327
565980
754748
682223
461936
411015
242520
918655
935258
892001
55667
1836
810434
231631
662628
548232
540658
981706
782638
80674
744035
317576
96629
217553
839770
983189
784056
123522
302156
274941
530162
235175
915499
391112
303879
164092
853350
389468
665056
669713
645436
821011
479029
499059
484670
490501
688265
141305
684088
473228
768490
869123
489072
651378
413792
231621
541157
141345
690467
216274
421449
602847
80629
754303
831281
889900
660480
143356
884813
929611
214352
142004
782048
892472
298403
38675
965205
556920
295303
947687
62866
680969
409049
553009
232900
42300
496666
93516
792472
652857
216171
509829
760113
821478
592684
979852
151943
850603
3182
203721
704490
123809
900288
628597
151442
570312
423513
278860
139735
291205
663603
463522
267917
438500
230355
974789
378718
103839
811059
480221
733679
557603
582955
998598
600951
705315
406503
637914
83631
416687
141055
995489
25826
725510
411270
948090
83708
391860
671378
106752
510619
308583
977409
474000
427878
466365
735695
534822
883783
304458
632167
311149
63231
471142
907360
354863
821180
359186
917681
33055
887015
829887
173906
936
474400
268621
66995
346396
287500
834241
119797
631712
558720
672948
544190
423361
311982
774220
722257
266891
852588
130768
245947
279155
76023
272373
10368
378235
124090
557463
468299
923559
715089
332813
306403
947582
281323
3732
268325
700025
430236
744470
531624
168365
183966
923482
248427
913197
508476
367647
781430
731033
881786
842402
892049
890987
806769
681492
410106
397368
383157
966134
439165
296728
272212
534285
973721
953382
372580
19464
627071
883090
502503
458356
185706
379667
217438
19936
87107
541348
389407
698734
330922
170936
222990
274257
404200
633549
652980
181806
424067
424114
175609
657910
532777
647918
80201
514281
602172
775488
367290
370573
486678
981450
683361
360143
77740
710735
740195
544268
605621
304137
667622
558958
684242
533130
25074
552640
964500
317063
424646
129288
342046
985385
656498
280258
663400
154318
703541
905387
746533
695870
914716
55650
689713
556916
529871
604450
942546
123363
98195
405628
217814
480919
464487
766759
266320
498503
665969
483637
512120
889278
729143
609909
600389
423252
327126
65615
694087
936262
781440
272287
102858
336759
807663
411884
898728
211572
423267
779881
876119
132154
674739
446022
441894
688920
354396
547703
857698
959187
840931
293328
48065
139241
150476
798788
406003
870500
744296
951118
618433
257616
372703
201328
155
342648
286396
907250
643670
79822
840892
292107
10783
720442
478014
376919
519894
980252
510953
191962
120489
39994
554736
692432
237159
471450
349474
929196
48887
235478
777741
3782
807634
567298
892337
737242
918400
480801
914133
178382
304130
312380
944559
697878
61550
382427
26114
371387
681939
66523
531861
669461
989372
101009
970405
28778
884062
235609
517852
405769
763054
300714
681081
321201
323653
727936
281230
519070
605350
665051
498528
844731
664503
765760
176091
642834
771759
282673
530328
230493
485489
372386
722640
193763
793519
733254
856002
354561
583234
918598
101857
715122
318902
823773
700785
42900
34809
199649
475700
990669
313073
46643
694008
895069
536461
94338
670756
857294
283987
40011
795218
632134
136639
107930
960524
969125
767182
754401
17661
58634
744422
229746
734525
96412
420771
524412
754065
27588
841530
440346
18110
446444
134295
745119
985224
792784
789295
416083
19586
191730
615726
901569
99853
59631
136032
937364
538370
65439
559070
825609
350728
718388
970232
373610
178794
492367
414084
356622
858170
5034
47225
315101
372589
257660
58017
208227
722668
750904
985159
275151
850118
168684
312579
47052
920423
430794
746895
954180
193905
123766
890832
407539
913469
135688
683408
406316
601847
851058
650950
109104
156325
66004
556671
26408
493381
960166
206937
824244
66467
730114
405253
772450
171275
906170
446013
716761
410449
810888
252652
830195
940510
802367
673828
846651
786137
740167
81351
552695
133978
725840
430240
820246
725932
541088
487026
79944
301027
324048
590985
355754
566386
261979
468105
150408
673953
228882
680081
796175
440889
285555
925652
62171
140284
553181
374921
685672
114497
580814
11772
992657
244143
381283
268680
481754
580881
794650
131847
959235
548801
442188
184124
454734
57985
750691
977520
627804
114695
687746
829683
276770
794247
224300
584308
515528
259640
673031
910259
127719
787176
304245
728829
471500
989847
334229
54807
610678
787281
234619
59839
949663
389683
959400
804002
203885
737207
466101
195269
194314
178867
859500
856395
998189
963794
861215
816625
499527
889268
317249
912422
709410
701046
413600
875666
492008
511405
479911
381307
800718
674213
720705
703325
565077
717272
76703
317375
29692
672491
994834
253697
54375
26469
603897
373419
436422
69620
179217
229076
155482
311831
99635
609443
530033
460501
898715
28714
668987
588473
396360
716485
258032
925774
2694
737246
297811
647799
211694
310044
938039
358329
699412
493964
312683
374559
49829
469775
825234
920872
701190
805781
639925
88293
563226
823397
517995
858610
550140
15468
416409
268677
