39
39
61
121
155
477
567
936
978
999
1029
1062
1417
1595
1639
1806
1830
1836
1884
2076
2124
2694
2821
2879
2883
2947
2950
3003
3012
3023
3103
3114
3167
3182
3199
3307
3485
3732
3782
3841
3988
4097
4132
4890
5034
5080
5161
5255
5371
5578
5746
5761
5777
5879
6045
6150
6187
6303
6309
6630
6670
6713
6856
6928
7166
7189
7293
7330
7465
7504
7517
7666
7734
7963
8008
8307
8530
8575
8583
9185
9236
9286
9641
10191
10216
10276
10278
10304
10368
10386
10411
10491
10783
10818
11013
11043
11089
11206
11301
11323
11410
11685
11772
11818
11913
12069
12307
12553
12799
12823
12835
12974
13034
13129
13196
13377
13695
13806
13891
14161
14175
14362
14501
14569
14595
14636
14654
14683
14842
14882
15057
15074
15098
15185
15384
15452
15468
15646
15702
15794
15976
16008
16121
16155
16239
16441
16481
16520
16624
16807
16862
16943
17406
17457
17585
17661
17748
17833
17961
18110
18135
18277
18396
18442
18505
18746
18859
19283
19440
19464
19505
19586
19888
19909
19924
19936
20182
20223
20277
20366
20388
20446
20457
20666
20726
20733
20744
20883
21092
21180
21240
21417
21442
21450
21480
21561
21675
21976
21992
22641
22745
22898
22947
23015
23152
23196
23274
23362
23644
23911
24282
24301
24312
24408
24448
24458
24492
24709
24729
24851
24940
25074
25091
25212
25264
25826
25894
26114
26151
26172
26206
26302
26340
26357
26373
26408
26418
26440
26469
26580
26748
26762
26836
26868
27015
27139
27165
27225
27271
27350
27459
27588
27606
27768
27805
27909
28262
28262
28485
28542
28613
28650
28700
28714
28749
28778
28845
28846
28899
28973
29000
29065
29134
29692
29756
29813
29994
30126
30294
30310
30395
30426
30591
30629
30814
30956
30966
31038
31135
31158
31360
31578
31618
31696
31780
31869
31947
32342
32470
32502
32977
33055
33075
33115
33267
33498
33532
33541
33661
33685
33738
34098
34488
34697
34809
34841
34932
34988
35004
35031
35178
35258
35294
35884
36033
36116
36200
36260
36333
36355
36548
36560
36764
36914
36959
36983
37247
37297
37348
37447
37544
37817
37937
38182
38675
38803
38879
39066
39183
39241
39300
39425
39606
39695
39778
39994
40005
40011
40056
40287
40308
40506
40517
40637
40717
40805
40837
40978
41034
41094
41139
41815
41865
41899
41912
42036
42128
42213
42300
42394
42443
42508
42742
42819
42868
42900
42921
43022
43084
43192
43225
43259
43290
43411
43483
43628
43692
43909
44086
44087
44235
44430
44776
44780
44782
44927
44962
45079
45144
45185
45310
45496
45521
45569
45573
45600
45629
45744
45766
45774
46001
46083
46299
46326
46438
46478
46494
46643
46730
46764
46808
46829
46923
46957
47052
47059
47089
47139
47225
47275
47370
47550
47690
47712
47766
47773
47818
48052
48065
48066
48136
48252
48287
48299
48586
48656
48665
48698
48789
48812
48887
48990
49039
49215
49284
49526
49829
49855
50136
50138
50237
50238
50264
50597
50760
50830
50873
51029
51207
51369
51419
51436
51541
51569
51592
51622
51690
51924
52078
52083
52110
52252
52255
52285
52345
52765
52854
52899
52931
53039
53229
53438
53452
53517
53519
53583
53701
53725
53782
53847
53880
54052
54094
54101
54231
54235
54248
54249
54323
54328
54375
54504
54807
54839
54863
54908
54959
55122
55650
55667
55733
55849
55897
55962
56087
56621
56713
57115
57172
57223
57301
57559
57653
57843
57985
58017
58054
58057
58066
58130
58200
58250
58266
58330
58429
58487
58541
58580
58634
58870
58874
58912
58953
58989
59029
59071
59631
59738
59839
60074
60107
60333
60495
60574
60648
60735
60742
60842
60898
61024
61060
61090
61271
61301
61389
61549
61550
61933
62019
62049
62106
62171
62318
62323
62348
62412
62428
62551
62615
62763
62866
63021
63047
63155
63231
63310
63373
63450
63479
63512
63545
63788
64119
64156
64191
64227
64311
64461
64533
64571
64636
64727
64789
65050
65059
65155
65231
65439
65481
65600
65615
65687
65695
65776
65922
65940
65966
66004
66256
66467
66523
66617
66652
66667
66744
66854
66858
66872
66966
66995
67241
67266
67293
67752
68112
68253
68317
68358
68412
68418
68486
68568
68704
68711
68756
68777
68839
68985
69023
69031
69047
69075
69174
69369
69460
69460
69566
69620
69658
69922
70059
70065
70255
70285
70313
70377
70678
70903
70948
70951
71029
71134
71144
71149
71185
71316
71399
71486
71712
71735
71856
71865
72180
72207
72253
72312
72553
72694
72708
72913
73034
73136
73254
73300
73340
73342
73394
73465
73475
73509
73558
73610
73625
73909
73954
74070
74162
74292
74323
74461
74540
74700
74757
74794
74802
74913
74982
74990
75199
75205
75366
75424
75588
75687
75747
75959
75984
76023
76103
76237
76327
76386
76425
76488
76703
76851
76945
77144
77281
77290
77477
77740
77811
77914
77955
77992
78031
78617
78921
79001
79012
79030
79057
79126
79254
79264
79375
79596
79603
79730
79763
79767
79822
79830
79883
79944
79970
80108
80201
80292
80412
80608
80629
80674
80826
80853
80869
80875
80888
80932
81000
81136
81237
81351
81377
81380
81440
81506
81541
81609
81658
81685
82043
82281
82464
82732
82925
82939
83012
83015
83378
83409
83622
83631
83665
83708
83774
84482
84508
84790
84900
84951
85012
85107
85210
85275
85340
85507
85572
85620
85638
85724
85742
85922
86039
86249
86310
86311
86560
86660
86682
86703
86731
86806
87049
87107
87622
87719
87784
87845
87850
87965
88080
88277
88293
88673
88883
89003
89008
89034
89229
89263
89315
89467
89534
89899
90033
90070
90094
90209
90218
90269
90283
90477
90523
90804
90814
90851
90885
90934
91326
91357
91459
91487
91577
91667
92109
92189
92236
92304
92312
92389
92445
92504
92557
92563
92594
92674
92688
93085
93130
93234
93256
93314
93348
93352
93356
93358
93428
93516
93557
93563
93698
93726
93845
93857
93887
93979
94075
94165
94338
94386
94558
94673
95066
95259
95437
95531
95613
95643
96248
96332
96412
96629
96678
96774
96874
96891
97095
97106
97269
97276
97352
97399
97791
97814
97996
98040
98195
98344
98437
98654
98663
98879
99038
99217
99459
99559
99583
99635
99703
99852
99853
99858
99982
99987
100123
100313
100396
100864
100948
100978
100983
101009
101031
101048
101265
101436
101755
101765
101785
101792
101857
101866
101926
102135
102208
102248
102445
102565
102681
102729
102749
102846
102858
103343
103362
103393
103456
103565
103580
103839
103977
104101
104137
104197
104210
104246
104268
104406
104602
104751
105046
105115
105198
105227
105248
105288
105565
105595
105662
105683
105840
105908
106110
106258
106387
106423
106503
106659
106672
106752
106764
106791
106853
106866
106893
106928
106939
107045
107208
107236
107237
107273
107292
107304
107412
107475
107491
107494
107652
107746
107754
107800
107903
107930
107960
108165
108436
108463
108508
108592
108696
108857
108936
109081
109104
109239
109579
109733
110078
110215
110234
110281
110482
110634
110723
110742
110862
110910
111369
111575
111579
111592
111693
111742
111763
111885
112028
112105
112312
112383
112389
112395
112478
112651
112744
112797
112901
113121
113430
113533
113591
113649
113663
113709
113734
113804
113926
114244
114249
114286
114345
114497
114524
114549
114567
114638
114661
114695
114728
114757
114767
114782
114942
115229
115252
115621
116001
116057
116083
116193
116216
116403
116592
116723
116987
117021
117077
117187
117228
117306
117366
117611
117648
117666
117727
117782
117830
118176
118262
118686
119186
119208
119550
119616
119797
119985
120234
120236
120275
120472
120489
120594
120699
120942
121129
121299
121361
121772
121805
122016
122293
122403
122473
122656
122744
122819
122842
123037
123211
123363
123377
123443
123522
123581
123693
123719
123741
123766
123809
123811
124038
124044
124090
124156
124432
124488
124624
124696
124830
124897
124897
124920
124980
125044
125199
125274
125531
125567
125592
125607
125646
125745
125764
126022
126123
126194
126284
126303
126333
126424
126429
126675
126899
126985
126986
127055
127215
127597
127632
127707
127719
127760
127965
128037
128063
128179
128228
128258
128331
128529
128584
128719
128825
128896
128900
129045
129288
129401
129471
129671
129835
130008
130104
130285
130329
130638
130673
130680
130717
130768
130770
130907
131372
131393
131425
131434
131488
131592
131650
131671
131692
131819
131847
131872
131949
131974
132154
132241
132395
132430
132488
132753
132790
132888
132982
133006
133127
133227
133291
133382
133395
133396
133522
133978
133979
134132
134157
134228
134239
134295
134325
134398
134505
134544
134652
134659
134667
134746
134779
134943
135254
135563
135611
135688
135828
135999
136032
136178
136363
136388
136547
136625
136634
136639
136664
137204
137397
137450
137525
137583
137747
137831
137887
137987
138038
138175
138253
138274
138525
138567
138598
138613
138633
138641
138969
138993
139241
139249
139271
139601
139735
139763
139855
139889
140151
140162
140217
140284
140504
140673
140734
140803
140872
140904
140927
141032
141055
141070
141106
141175
141246
141305
141345
141559
141719
141865
141938
142004
142011
142258
142374
142427
142562
142693
142786
142988
143070
143095
143235
143239
143356
143535
143600
143618
143775
143817
143857
144030
144138
144246
144555
144650
144749
144755
144788
144932
145147
145166
145509
145556
145588
145729
145745
145755
145995
146048
146164
146182
146319
146369
146654
146659
146866
146869
146906
147022
147050
147181
147236
147280
147401
147434
147567
147601
147690
147902
148010
148093
148139
148249
148383
148493
148569
148639
148712
148872
148884
149122
149288
149396
149452
149487
149648
149743
149747
149978
150040
150065
150307
150370
150408
150468
150476
150482
150511
150531
150567
150700
150809
151311
151344
151396
151442
151443
151507
151591
151943
151974
152077
152180
152381
152613
152773
152884
152954
153159
153202
153373
153435
153456
153890
153901
153903
153953
154027
154188
154201
154275
154318
154378
154589
154727
154877
155028
155193
155236
155269
155276
155396
155444
155482
155612
155692
155832
155839
155847
155994
156223
156325
156345
156485
156595
156614
156649
156736
156940
157133
157304
157310
157366
157460
157562
157580
157604
157713
157801
157841
157847
157995
158067
158346
158377
158428
158450
158485
158562
158837
158847
159114
159221
159250
159278
159320
159461
159485
159735
159863
159978
160171
160218
160300
160317
160664
160797
161027
161320
161325
161328
161458
161700
161719
161748
161784
161830
162293
162398
162897
163191
163287
163365
163571
163918
164092
164134
164139
164303
164451
164513
164659
164728
164884
164962
165078
165157
165191
165212
165375
165489
165495
165504
165505
165527
165595
165669
165716
165722
166056
166165
166242
166321
166353
166392
166407
166409
166433
166584
166699
166782
166805
167253
167359
167440
167480
167523
167689
167772
168031
168039
168090
168168
168171
168181
168185
168365
168399
168522
168633
168641
168658
168684
168686
168827
168956
168964
169075
169252
169406
169419
169455
169509
169757
169899
169923
169957
170022
170215
170332
170638
170671
170675
170708
170936
170990
170999
171133
171273
171275
171337
171613
171619
171746
171747
171790
171967
172013
172283
172293
172460
172547
172752
172929
172945
172975
173038
173300
173665
173885
173906
174086
174296
174569
174633
174654
174655
174872
175165
175536
175609
175650
175657
175683
175928
176091
176106
176301
176413
176559
176631
176645
176684
176733
176733
176854
176859
177077
177111
177188
177205
177294
177493
177521
177637
177652
177801
177871
177970
178090
178257
178350
178351
178382
178416
178426
178466
178529
178727
178794
178867
179217
179275
179276
179439
179525
179540
179617
179727
179788
179809
179843
179910
180001
180061
180119
180243
180255
180326
180380
180406
180543
180982
181245
181280
181318
181399
181604
181657
181717
181806
181885
181913
182083
182104
182197
182219
182232
182248
182256
182297
182350
182413
182609
182689
182982
183046
183071
183110
183175
183365
183371
183565
183578
183714
183840
183944
183966
184007
184124
184203
184593
184696
184771
184880
184950
185129
185208
185293
185345
185522
185594
185706
186014
186153
186184
186190
186202
186251
186365
186544
186678
186714
186738
186785
186835
186912
186922
186936
187128
187228
187283
187298
187505
187561
187601
187721
187767
187954
187986
188267
188469
188566
189059
189180
189231
189283
189319
189457
189461
189486
189764
189848
189975
190044
190048
190064
190222
190241
190363
190374
190556
190573
190574
190600
190695
190696
190700
191203
191256
191282
191321
191376
191582
191623
191666
191730
191759
191781
191825
191962
192135
192335
192428
192687
192763
192765
192954
193079
193116
193281
193395
193399
193413
193455
193574
193686
193698
193717
193730
193763
193764
193905
194314
194315
194547
195029
195037
195073
195219
195269
195282
195325
195644
195650
195747
195763
195904
196002
196053
196280
196506
196521
196522
196708
196713
196737
196794
196851
196862
196914
197004
197032
197069
197199
197229
197311
197322
197439
197574
197646
197689
197895
198331
198421
198541
198603
198626
198708
198835
198864
199203
199426
199473
199501
199537
199649
199673
199866
199870
200232
200268
200431
200453
200545
200569
200628
200679
200688
200703
200743
200816
200820
200876
201016
201020
201224
201328
201477
201703
201793
201885
202270
202357
202415
202541
202789
202837
202904
203276
203340
203721
203783
203877
203885
203950
204162
204188
204279
204466
204490
204659
204841
204889
205049
205079
205125
205175
205264
205528
205709
205712
205782
205783
205787
205813
205838
205893
206031
206224
206272
206352
206428
206937
207076
207098
207103
207195
207359
207523
207585
207655
207728
207814
207850
207861
207968
208061
208089
208092
208154
208227
208311
208401
208425
208460
208576
208590
208626
208638
208738
208752
208760
208805
208854
209245
209298
209457
209869
209967
210084
210103
210159
210206
210311
210369
210533
210638
210695
210850
211130
211233
211248
211278
211304
211427
211572
211623
211623
211694
211886
211955
212085
212108
212152
212609
212615
212924
212997
213113
213155
213198
213248
213260
213268
213324
213461
213499
213650
213727
214092
214189
214286
214352
214390
214556
214778
214815
214823
214855
214960
214962
215130
215446
215504
215694
215825
215908
215995
216127
216171
216185
216274
216655
217112
217130
217180
217323
217393
217438
217553
217571
217634
217814
217826
218016
218029
218117
218212
218286
218291
218737
219021
219059
219273
219275
219277
219646
219704
219750
219754
219940
219976
220002
220020
220343
220473
220525
220594
220654
220708
220733
220837
220901
221027
221115
221228
221324
221352
221353
221456
221610
221741
221782
221841
222050
222117
222148
222166
222178
222197
222314
222360
222550
222687
222756
222794
222810
222940
222947
222951
222990
223078
223145
223181
223329
223554
223826
224084
224300
224348
224473
224702
224906
224924
225152
225175
225227
225360
225513
225533
225574
225671
225767
225831
225908
225983
226462
226495
226506
226590
226698
227267
227504
227770
227778
227817
227884
228207
228207
228369
228763
228860
228882
229076
229453
229455
229481
229685
229746
229757
229773
229807
230081
230084
230155
230173
230265
230289
230355
230493
230800
230819
230828
230861
230943
231182
231210
231261
231378
231437
231459
231514
231621
231631
231925
231988
232039
232062
232141
232144
232194
232239
232315
232492
232554
232599
232605
232900
232940
232942
232956
233024
233224
233380
233492
233510
233542
233568
233685
233957
234007
234020
234056
234162
234193
234211
234328
234452
234619
234771
234886
234933
234973
235034
235044
235175
235419
235478
235494
235537
235609
235762
235832
235861
235919
236023
236031
236039
236054
236082
236139
236466
236613
236773
237092
237159
237188
237192
237230
237377
237499
237587
237859
237890
238031
238176
238253
238487
238493
238741
239134
239142
239404
239709
239745
239804
239862
239905
240119
240163
240373
240380
240519
240581
240673
240728
240818
241151
241427
241478
241769
241808
241968
242081
242129
242276
242345
242433
242520
242648
242659
242664
242691
242991
243011
243114
243380
243457
243712
243947
244081
244143
244212
244652
244883
245080
245300
245376
245385
245586
245624
245669
245920
245925
245947
246092
246390
246705
246831
246860
247045
247114
247135
247259
247264
247483
247748
247784
247864
248004
248385
248427
248552
248644
248724
248898
248968
249174
249360
249405
249708
249900
249924
249960
250541
250776
251042
251054
251116
251301
251548
251708
251794
251898
251962
252001
252068
252301
252388
252395
252649
252652
252705
252708
252739
252753
252979
253017
253146
253310
253374
253523
253587
253603
253681
253697
253767
253773
253810
253833
253865
254123
254239
254310
254329
254332
254436
254446
254524
255034
255059
255082
255186
255230
255248
255300
255354
255799
255930
255944
256159
256259
256272
256335
256390
256428
256450
256528
256594
256608
256658
256698
256959
257027
257274
257331
257332
257578
257616
257660
257680
257896
258032
258124
258171
258182
258207
258345
258357
258513
258594
258742
258742
258815
258892
259191
259357
259404
259406
259437
259442
259640
259641
259698
259746
259870
259941
259965
260017
260099
260282
260356
260498
260507
260589
260706
260714
260840
261007
261602
261801
261916
261922
261925
261948
261950
261979
262042
262535
262574
262592
262656
262697
262723
262924
263010
263198
263407
263526
263587
264236
264436
264494
264533
264637
264659
264829
264935
265009
265049
265177
265226
265471
265585
265727
265851
265974
266030
266143
266187
266239
266263
266320
266393
266436
266445
266591
266842
266891
266895
267005
267200
267383
267646
267660
267677
267750
267784
267797
267870
267917
267957
267992
268045
268192
268325
268416
268545
268621
268677
268680
268685
268691
268701
268799
268895
269059
269373
269445
270494
270738
270748
270901
270915
270967
271251
271286
271482
271592
271602
271841
271853
271902
271973
272063
272109
272212
272287
272373
272588
272851
272873
273080
273119
273335
273487
273585
273629
273636
273637
273671
273786
274257
274298
274348
274439
274564
274691
274878
274941
274985
275001
275151
275187
275380
275383
275468
275697
275824
275904
275930
275957
276034
276069
276107
276303
276321
276437
276607
276622
276683
276770
277264
277278
277283
277363
277610
277656
277878
277926
277929
278177
278270
278346
278406
278438
278539
278650
278779
278819
278859
278860
278907
278935
278953
278988
279155
279238
279293
279350
279351
279646
279697
279972
280057
280059
280086
280104
280186
280258
280348
280358
280460
280509
280515
280605
281041
281147
281230
281260
281270
281277
281323
281415
281722
281790
282181
282378
282460
282485
282517
282522
282649
282673
282704
282936
283316
283339
283386
283434
283471
283512
283537
283636
283671
283987
284058
284067
284149
284298
284515
284586
284653
284691
284774
284960
285555
285585
285616
285768
285831
286003
286141
286250
286299
286329
286396
286490
286571
286913
286914
287112
287246
287358
287387
287500
287543
287667
287751
287802
287848
287922
288139
288145
288192
288313
288349
288379
288395
288582
288615
288642
288685
288814
289158
289240
289403
289482
289672
289700
289918
289965
290064
290126
290204
290205
290257
290343
290398
290424
290453
290672
290721
290725
290923
291086
291145
291152
291205
291226
291242
291260
291482
291532
291666
291962
292107
292153
292307
292338
292387
292441
292465
292483
292529
292644
292661
293032
293074
293084
293131
293172
293256
293308
293328
293432
293439
293455
293600
293621
293639
293695
293818
293833
293861
293887
293911
294009
294098
294151
294226
294513
294788
294860
295118
295130
295135
295253
295282
295303
295453
295557
295605
295892
296062
296104
296208
296308
296397
296426
296427
296458
296534
296563
296686
296722
296728
296754
296890
297187
297260
297266
297279
297416
297442
297460
297625
297631
297811
297829
297835
297867
297899
298047
298056
298066
298096
298242
298303
298403
298570
298617
298846
298914
298924
298935
299041
299065
299165
299224
299351
299358
299547
299592
299738
300044
300103
300112
300119
300127
300181
300200
300284
300337
300506
300543
300714
300762
300847
300862
300940
300944
300957
300990
301027
301034
301062
301072
301209
301302
301411
301665
301870
301897
302063
302130
302141
302156
302167
302264
302296
302499
302523
302529
302580
302584
302657
302881
303006
303106
303343
303363
303530
303574
303634
303690
303839
303879
303915
304030
304043
304130
304137
304245
304252
304285
304362
304423
304458
304514
304786
304800
304940
305225
305242
305260
305662
305679
305719
306075
306138
306202
306205
306403
306681
307325
307486
307535
307701
307874
308077
308090
308194
308335
308583
308646
308955
309007
309080
309274
309427
309432
309438
309613
310044
310045
310321
310387
310461
310477
310537
310625
310635
310827
310933
311118
311134
311149
311276
311367
311400
311429
311523
311705
311831
311847
311849
311866
311982
312066
312267
312304
312319
312380
312448
312478
312579
312643
312657
312683
312756
312801
312814
312933
313073
313544
313613
313674
313721
313790
313817
313891
313968
313994
314038
314126
314136
314140
314198
314246
314255
314346
314371
314386
314551
314818
314922
315101
315320
315359
315526
315545
315571
315590
315694
315896
316096
316569
316681
316687
316749
316888
317031
317034
317040
317063
317084
317225
317249
317375
317501
317506
317508
317576
317913
318173
318232
318436
318467
318487
318665
318851
318902
318952
318971
319075
319516
319548
319551
319986
320012
320035
320048
320063
320348
320356
320486
320726
320766
320786
320786
320786
321201
321219
321576
321703
321873
322144
322259
322300
322350
322369
322621
322647
322649
322683
322698
322863
323061
323067
323095
323138
323220
323403
323653
323786
324008
324048
324055
324252
324268
324355
324355
324564
324615
324896
325006
325093
325190
325196
325535
325613
325794
325883
326055
326130
326235
326313
326357
326387
326415
326542
326578
326789
326901
326984
326987
327072
327091
327126
327168
327473
327488
327640
327697
327758
328082
328098
328126
328277
328969
329045
329129
329190
329231
329462
329569
329708
329819
330073
330107
330181
330278
330292
330336
330494
330519
330649
330690
330922
330961
331040
331493
331711
331719
331723
332063
332443
332567
332679
332813
332968
333331
333496
333524
333528
333583
333627
333672
333767
333778
333975
334137
334145
334217
334229
334301
334336
334534
334601
334606
334711
334745
334884
334887
334904
335608
335791
335857
335872
335995
336052
336075
336137
336139
336247
336390
336427
336489
336570
336759
337168
337499
337536
337548
337624
337645
337683
337724
337867
337895
337939
338218
338222
338327
338529
338581
338713
338865
338890
339065
339155
339179
339201
339240
339522
339737
339741
339757
339790
339820
340093
340104
340181
340200
340239
340329
340495
340501
340510
340538
340577
340580
340699
340927
341166
341216
341369
341586
341661
341760
341806
341824
342046
342110
342157
342648
342757
342855
343053
343134
343134
343182
343188
343347
343354
343638
343752
343806
343833
343839
343930
344145
344190
344377
344401
344610
344633
344646
344710
344712
344716
344906
344928
344999
345070
345262
345512
345665
345778
345819
345821
345832
345930
346176
346177
346381
346396
346414
346518
346532
346533
346538
346704
346769
346873
346984
347016
347098
347126
347240
347559
347717
347836
347982
348007
348013
348086
348252
348270
348321
348382
348444
348466
348691
348788
348827
348879
349119
349450
349474
350046
350056
350136
350136
350200
350218
350231
350305
350376
350428
350453
350631
350728
350889
350898
350926
351034
351054
351239
351357
351651
351713
351723
351729
351760
351765
351772
352242
352278
352281
352298
352352
352447
352529
352722
352791
352793
352894
352949
352966
353081
353137
353427
353468
353577
353713
353896
354033
354363
354368
354380
354396
354561
354649
354820
354863
354957
355073
355141
355250
355267
355323
355473
355591
355616
355692
355698
355734
355754
355910
355917
355973
356195
356296
356313
356409
356475
356555
356622
356630
356691
356720
356739
356788
356947
357099
357358
357368
357400
357403
357444
357462
357599
357671
357735
357957
358134
358138
358219
358262
358275
358298
358300
358329
358330
358418
358717
358787
358835
358946
358954
359004
359017
359028
359090
359155
359186
359311
359320
359360
359365
359498
359610
359845
360113
360113
360143
360182
360273
360693
360721
360829
361164
361165
361173
361228
361454
361471
361524
362011
362046
362049
362095
362108
362195
362208
362330
362446
362590
362663
362909
362939
363065
363298
363416
363443
363617
363622
363670
363734
363840
364085
364151
364164
364226
364291
364409
364453
364563
364565
364911
364919
365131
365539
365559
365650
365894
365941
366264
366462
366655
366673
366743
366758
366862
366898
367087
367088
367144
367176
367190
367200
367290
367325
367365
367455
367647
367769
367804
367976
368756
369047
369051
369070
369404
369471
369504
369751
369931
369976
369995
370073
370431
370541
370573
370643
370753
370853
370957
370987
371029
371041
371157
371356
371377
371387
371423
371647
371685
371745
371929
372011
372057
372373
372386
372516
372523
372569
372580
372589
372622
372624
372674
372703
372728
372866
372974
373084
373136
373207
373419
373460
373523
373610
373647
373846
373896
374068
374167
374212
374336
374351
374528
374559
374567
374831
374921
375057
375118
375194
375405
375536
375913
376073
376077
376400
376551
376575
376831
376841
376919
377054
377098
377135
377173
377309
377313
377615
377779
378058
378235
378296
378317
378418
378483
378519
378603
378718
378837
379042
379119
379482
379514
379667
380117
380144
380305
380385
380415
380421
380474
380502
380564
380628
380770
380826
380840
380907
381158
381183
381283
381307
381322
381383
381444
381549
381725
381811
381820
382181
382221
382227
382423
382427
382698
382831
382908
382973
383062
383138
383157
383188
383346
383383
383684
383761
383955
383978
384153
384402
384882
384974
385003
385802
385919
385937
385966
386023
386047
386104
386463
386479
386665
386744
386833
386982
387040
387046
387051
387217
387230
387252
387595
387630
387680
387724
387778
387781
387809
388019
388026
388196
388231
388314
388566
388724
388801
388809
388936
389050
389093
389243
389298
389407
389468
389490
389584
389637
389683
389690
389693
389904
390006
390049
390087
390163
390170
390172
390249
390497
390499
390565
390648
390722
390855
390909
390929
390946
391112
391126
391181
391188
391194
391195
391383
391563
391613
391703
391842
391859
391860
391933
392196
392200
392390
392867
393247
393264
393506
393546
393644
393725
393773
393818
394159
394327
394344
394635
394697
394811
394855
395014
395246
395368
395395
395427
395450
395734
395756
395829
395865
395973
396070
396268
396275
396342
396360
396371
396377
396682
396682
396758
397288
397301
397360
397368
397708
397767
397776
397827
397883
397902
398026
398087
398118
398130
398211
398264
398269
398577
398599
398626
398756
398966
399170
399332
399366
399547
399639
399672
399855
400104
400126
400199
400213
400496
400503
400642
400694
400703
400713
400789
400910
400966
401113
401139
401428
401491
401829
402008
402126
402158
402241
402555
402706
402735
402740
402883
403103
403105
403158
403402
403507
403637
403650
403670
403703
403747
403754
403852
404200
404460
404694
404717
404718
404819
404891
404910
404958
405024
405111
405173
405253
405497
405505
405622
405628
405663
405769
405940
406003
406135
406147
406287
406316
406393
406435
406445
406503
406545
406586
406613
406648
406759
406862
406863
406874
406937
407039
407169
407228
407232
407358
407450
407457
407539
407691
408087
408110
408162
408165
408223
408674
408699
408734
409049
409252
409262
409346
409392
409458
409543
409560
409581
409760
409887
410003
410106
410224
410353
410449
410618
410637
410724
410775
410837
410853
410980
411015
411059
411118
411120
411160
411227
411234
411270
411370
411582
411626
411638
411884
412061
412208
412347
412384
412400
412548
412724
412929
412970
412975
413065
413090
413315
413430
413564
413600
413625
413628
413792
413847
413893
414029
414084
414356
414368
414413
414470
414610
414638
414640
414705
414832
415013
415319
415621
415742
415772
416083
416409
416445
416626
416635
416687
416879
417044
417102
417440
417455
417592
417852
418196
418470
418490
418610
418657
418718
418994
419087
419141
419179
419480
419603
419824
419886
420055
420108
420138
420205
420299
420503
420736
420762
420771
420788
420856
420891
421101
421143
421449
421540
421562
421627
421640
421686
421891
421912
422132
422207
422356
422514
422736
422975
422977
423015
423028
423252
423267
423275
423309
423361
423513
423548
423570
423582
423718
423840
424004
424067
424114
424476
424646
424669
424862
424986
425230
425561
425732
425828
425837
425894
426135
426274
426315
426441
426489
426634
426743
426858
426881
426963
427070
427148
427155
427272
427316
427403
427430
427571
427635
427736
427744
427824
427878
427924
428013
428016
428363
428666
428804
428864
429092
429117
429471
429498
429560
429728
429757
429923
430236
430240
430322
430496
430547
430794
430985
431217
431217
431438
431598
431631
431831
431895
432097
432133
432146
432153
432220
432224
432284
432399
432405
432421
432485
432524
432570
432614
432626
432691
432734
432812
432902
433067
433158
433305
433365
433577
433706
433725
433805
433855
433945
433968
434077
434200
434608
434695
434739
434749
434791
434814
434909
435043
435127
435393
435426
435486
435511
435552
435577
435761
435779
435791
435851
435896
435910
435919
435923
435951
436216
436422
436631
436778
436818
436881
437061
437137
437139
437224
437341
437348
437413
437448
437470
437673
437883
437966
437982
438105
438118
438140
438344
438434
438474
438500
438713
438830
438962
438970
439075
439076
439165
439188
439219
439309
439579
439643
439797
440037
440113
440346
440360
440425
440537
440546
440580
440662
440757
440832
440889
440919
441001
441023
441109
441207
441306
441397
441551
441625
441671
441894
441902
441970
441974
442020
442188
442211
442260
442345
442352
442383
442385
442575
442595
442663
442677
442685
442725
442790
442792
442831
442843
443173
443222
443365
443466
443482
443547
443553
443688
443816
443947
443993
444077
444158
444200
444246
444479
444499
444612
444736
444887
444922
444962
445022
445036
445081
445159
445287
445288
445678
445706
445758
445759
445773
445994
446005
446013
446022
446104
446179
446255
446273
446370
446426
446444
446470
446475
446607
446700
446755
446911
447127
447152
447512
447622
447672
447852
448163
448202
448220
448245
448296
448382
448450
448523
448524
448632
448697
448742
449358
449384
449477
449544
449547
449798
449943
450157
450168
450454
450463
450549
450616
450623
450703
450715
450798
450798
450856
450876
450954
451134
451183
451378
451400
451497
451623
451695
451695
451781
451803
451818
452027
452136
452152
452167
452188
452418
452494
452552
452747
452981
452987
453105
453280
453421
453511
453541
453546
453617
453629
453636
453683
453744
453795
453827
453883
453930
453936
454041
454106
454232
454343
454457
454609
454649
454734
454794
454804
454874
455001
455294
455329
455577
455748
455950
455957
456054
456088
456119
456234
456260
456361
456437
456527
456716
457081
457421
457551
457694
457942
458075
458111
458345
458350
458356
458411
458663
458696
458905
459197
459216
459312
459326
459417
459511
459789
460035
460172
460501
460620
460660
460940
460945
461100
461228
461229
461390
461428
461485
461569
461601
461768
461842
461847
461898
461910
461936
461957
461989
462052
462344
462376
462453
462460
462490
462521
462752
463161
463480
463522
463559
463560
463660
463669
463673
463887
463888
463889
463942
464335
464487
464505
464516
464812
464825
464836
464945
465048
465056
465228
465419
465425
465736
465803
465890
466032
466101
466302
466365
466395
466592
466821
466911
466982
467172
467173
467200
467443
467532
468040
468049
468067
468084
468093
468105
468243
468299
468372
468459
468491
468869
468944
469026
469151
469313
469331
469423
469470
469599
469760
469775
469813
469877
470163
470277
470300
470310
470462
470539
470732
470832
471090
471142
471166
471347
471348
471450
471483
471500
471543
471566
471631
471641
471647
471672
471895
471943
472005
472182
472236
472361
472625
472688
472873
472960
473087
473154
473228
473349
473403
473460
473481
473626
473829
474000
474200
474353
474400
474469
474744
474898
475093
475227
475305
475391
475398
475459
475669
475700
475956
475987
476085
476186
476229
476243
476391
476412
476414
476425
476528
476747
476944
477171
477313
477635
477646
478014
478062
478110
478122
478205
478271
478366
478594
478690
478763
478807
478818
478867
478902
478962
479029
479053
479217
479230
479237
479260
479365
479461
479526
479579
479720
479798
479911
480096
480138
480184
480221
480410
480679
480702
480787
480801
480833
480919
480975
481011
481026
481046
481599
481693
481709
481754
481779
481928
481964
481969
482037
482294
482327
482490
482546
482660
482755
482911
482982
483061
483106
483371
483405
483567
483626
483632
483637
483943
484014
484031
484036
484199
484211
484255
484368
484472
484632
484670
484846
484902
484905
484918
484975
485072
485076
485110
485130
485266
485427
485489
485794
485936
485943
486093
486097
486313
486343
486426
486653
486678
486753
487026
487028
487112
487140
487147
487233
487247
487325
487361
487366
487406
487418
487463
487623
487757
487803
487893
487998
488002
488014
488046
488182
488224
488264
488527
488578
489072
489138
489139
489210
489230
489386
489462
489516
489554
489562
489617
489669
489920
490255
490448
490501
490640
490804
490842
490848
491330
491349
491429
491519
491569
491588
491613
491627
491687
491688
491694
491760
492008
492168
492214
492367
492423
492560
492606
492665
492708
492900
493147
493206
493224
493267
493277
493299
493381
493500
493502
493524
493599
493750
493833
493964
494197
494200
494328
494336
494416
494486
494581
494847
494850
494975
495002
495005
495142
495159
495221
495269
495287
495318
495323
495549
495577
495696
496309
496313
496402
496516
496532
496666
496680
496764
497065
497184
497283
497432
497502
497641
497849
497957
498024
498071
498093
498254
498439
498471
498503
498513
498528
498535
498827
498847
499059
499120
499269
499302
499377
499384
499527
499662
499804
499862
499968
500025
500039
500119
500376
500507
500645
500677
500782
500959
501198
501217
501400
501401
501414
501497
501497
501519
501824
501851
501903
501916
502000
502011
502283
502410
502503
502644
502747
502769
502789
502887
502896
503294
503526
503831
503886
504309
504350
504467
504500
504543
504830
505053
505112
505177
505260
505367
505568
506074
506089
506125
506434
506616
506730
506802
507120
507167
507169
507368
507428
507436
507553
507783
507831
507866
507886
507920
508006
508139
508317
508425
508427
508474
508476
508683
508795
508828
508932
508981
509293
509448
509469
509828
509829
509911
509962
509970
510053
510081
510082
510106
510116
510382
510414
510562
510603
510619
510661
510797
510818
510898
510953
510985
511216
511265
511290
511370
511405
511588
511702
511713
511921
511968
512120
512303
513039
513741
513763
513794
513972
514281
514580
514591
514619
514722
514837
515157
515408
515465
515528
515595
515878
515914
516041
516068
516138
516155
516165
516168
516197
516247
516253
516342
516388
516555
516595
516609
516725
516844
516889
517452
517476
517507
517559
517653
517710
517732
517831
517852
517945
517995
518048
518286
518353
518394
518444
518542
518554
518626
518890
519070
519149
519216
519234
519326
519330
519339
519487
519498
519694
519719
519747
519747
519751
519894
520028
520037
520063
520193
520272
520306
520410
520565
520596
520760
520796
520911
520927
520973
521251
521512
521670
521835
522008
522265
522293
522318
522347
522569
522730
522781
522892
522912
522965
523003
523299
523672
523828
523843
523993
524181
524326
524412
524474
524493
524606
524871
525237
525280
525453
525763
525834
525879
525894
526013
526155
526204
526231
526232
526599
526643
526854
526869
527011
527042
527418
527418
527596
527716
528039
528134
528166
528425
528453
528533
528540
528670
528754
528811
528929
529028
529253
529373
529402
529407
529689
529695
529724
529738
529818
529838
529859
529862
529871
530033
530162
530328
530357
530574
530677
530773
530780
530922
530948
531057
531164
531217
531338
531624
531686
531697
531722
531784
531861
531955
532271
532486
532563
532601
532719
532767
532769
532777
532854
533042
533080
533095
533109
533130
533216
533281
533360
533402
533432
533509
533750
533852
533946
534043
534280
534285
534470
534525
534639
534726
534753
534822
534966
535013
535196
535315
535413
535428
535442
535522
535597
535615
535880
535888
535910
536132
536143
536198
536394
536438
536447
536461
536555
536591
536864
537292
537330
537476
537504
537519
537750
537760
537797
537833
537882
537914
538073
538258
538319
538330
538370
538557
538703
538992
539091
539110
539113
539146
539152
539239
539388
539662
539857
540335
540360
540525
540596
540600
540658
540699
540893
541088
541099
541157
541220
541329
541348
541368
541405
541712
541751
541765
541796
541840
541899
542025
542026
542180
542228
542447
542590
542634
542905
543084
543256
543295
543296
543393
543544
543804
543889
543932
543953
544092
544128
544190
544268
544435
544438
544578
544589
544695
544790
544834
544872
545163
545229
545418
545467
545555
545709
545840
545848
545986
546180
546207
546440
546887
547049
547190
547275
547524
547584
547658
547703
547827
547870
547965
548219
548232
548236
548276
548349
548494
548692
548801
548955
549008
549055
549076
549345
549428
549452
549585
549613
549635
549897
550069
550099
550114
550140
550173
550275
550320
550407
550444
550755
550920
550922
551030
551074
551152
551243
551342
551489
551495
551572
551760
551790
551896
551975
552071
552124
552566
552592
552640
552695
552822
552962
553009
553056
553076
553181
553231
553260
553570
553665
553713
553739
553763
553898
553936
553985
554010
554149
554198
554539
554561
554616
554623
554736
554870
555004
555043
555136
555321
555349
555674
555724
555836
555867
555935
556148
556151
556247
556251
556671
556712
556869
556916
556920
557001
557103
557196
557214
557309
557463
557479
557498
557540
557603
557781
557873
557886
557940
557961
557962
558000
558061
558083
558199
558264
558344
558437
558473
558612
558620
558675
558720
558751
558757
558958
558974
559070
559113
559398
559437
559482
559502
559731
559896
559951
560817
560822
560963
561061
561170
561171
561340
561596
561602
561668
561745
561810
561832
561860
561968
561991
562080
562280
562441
562589
562685
562809
562865
562937
563075
563117
563165
563226
563485
563582
563750
563873
563879
564153
564240
564307
564401
564431
564572
564611
564643
564669
564712
564926
564995
565077
565266
565377
565510
565621
565672
565808
565850
565940
565980
566001
566189
566213
566225
566296
566386
566509
566656
566858
566912
566945
566961
567015
567075
567160
567208
567298
567348
567382
567446
567472
567579
567596
567834
567964
568039
568302
568433
568523
568528
568643
568740
568913
569034
569086
569614
569874
569979
570005
570045
570126
570226
570285
570312
570328
570384
570408
570481
570696
570793
570973
571078
571161
571204
571231
571844
571858
571952
571956
572325
572459
572462
572668
573097
573128
573174
573386
573423
573450
573534
573581
573633
573723
573777
573813
573995
573998
574019
574068
574273
574342
574460
574490
574503
574800
574830
575056
575279
575291
575304
575354
575450
575509
575781
575809
575823
575924
575982
576058
576085
576164
576252
576268
576341
576412
576929
576942
577182
577293
577329
577367
577505
577548
577555
577816
577852
577871
577883
577980
578023
578063
578162
578212
578295
578472
578497
578749
578879
578883
579149
579347
579565
579868
579923
580074
580138
580158
580193
580500
580757
580782
580814
580827
580849
580881
581081
581145
581271
581309
581343
581372
581429
581516
581586
581681
581718
581917
581974
581986
582014
582219
582335
582422
582497
582569
582594
582917
582955
583161
583234
583266
583454
583668
583687
583750
583857
583871
584070
584308
584486
584569
584655
584814
584817
585027
585075
585217
585233
585281
585310
585536
585573
585597
585598
585694
585762
585818
586049
586507
586561
587016
587024
587082
587086
587345
587412
587586
587610
587757
587776
587792
587851
587929
588040
588054
588135
588162
588387
588424
588462
588473
588515
588531
588645
588803
588817
588843
588874
589110
589309
589536
589650
589677
589717
589845
589885
589897
589986
589987
590006
590091
590102
590246
590268
590635
590703
590703
590750
590771
590839
590950
590980
590985
591058
591138
591157
591495
591528
591588
591624
591657
591734
591865
591982
592322
592531
592532
592561
592684
592742
592785
592856
592906
592970
593116
593213
593483
593488
593530
593639
593666
593958
594007
594144
594155
594201
594247
594464
594558
594568
594741
594884
594895
594909
595222
595276
595483
595504
595534
595649
595669
595730
595752
595868
595965
596285
596375
596481
596492
596526
596603
596610
596650
596720
596799
596858
596871
596883
597056
597447
597480
597494
597558
597592
597704
597780
597834
597990
598072
598176
598218
598682
598770
598873
599076
599241
599268
599526
599558
599920
599924
599955
599973
600285
600315
600389
600534
600545
600732
600769
600833
600888
600932
600951
601060
601073
601292
601354
601404
601404
601416
601440
601455
601465
601562
601847
601850
601868
601932
602042
602074
602080
602085
602122
602143
602172
602308
602344
602511
602572
602620
602638
602721
602780
602847
602970
603087
603209
603343
603349
603409
603432
603540
603655
603701
603866
603897
604197
604305
604306
604450
604560
604562
604568
604650
604835
605008
605074
605119
605222
605231
605241
605241
605350
605377
605621
605625
605938
606033
606271
606279
606287
606536
606629
606851
607198
607671
607729
607735
607831
607913
608064
608152
608335
608544
608631
608660
608690
608699
608732
608795
608911
608951
608977
609162
609331
609443
609570
609584
609656
609665
609909
609995
610046
610074
610133
610167
610188
610231
610419
610561
610678
610708
610909
610973
610978
611389
611512
611522
611548
611652
611715
611751
612462
612590
612698
612892
612899
612911
612916
612922
612969
612984
613105
613128
613161
613179
613203
613470
613798
614092
614169
614483
614520
614528
614646
614650
614976
615016
615054
615141
615289
615359
615704
615726
615779
615882
615982
615982
616016
616079
616143
616461
616733
616761
616770
616849
616865
617045
617104
617291
617331
617359
617425
617511
618033
618136
618179
618225
618319
618433
618568
618570
618860
618927
619374
619574
619652
619676
619764
619907
619931
620038
620066
620164
620355
620522
620561
620624
620635
620687
620830
620886
620914
621007
621060
621110
621242
621313
621367
621502
621672
621851
621928
621967
621968
622033
622619
622781
622883
622888
622896
622983
623181
623239
623254
623306
623330
623719
623766
623872
623942
624077
624159
624174
624395
624423
624452
624601
624701
624791
624827
624888
624913
625156
625167
625167
625171
625240
625600
625903
626207
626333
626410
626501
626545
626561
626628
626726
626729
626867
626928
627047
627071
627084
627436
627804
627829
627841
628299
628301
628302
628333
628401
628524
628578
628597
628694
628698
628715
628751
628754
628818
628840
628952
628960
629176
629474
629696
629754
629863
629969
629998
630022
630193
630217
630231
630393
630479
630506
630681
631058
631561
631589
631712
631800
631958
631967
632134
632167
632277
632372
632406
632434
632481
632521
632816
632874
633261
633418
633421
633438
633439
633504
633549
633624
633632
633709
633726
633872
633927
633960
634027
634096
634225
634348
634384
634396
634554
634671
634715
634765
634781
635025
635057
635097
635151
635227
635228
635493
635536
635650
635727
635779
636108
636390
636499
636592
636638
636716
636835
637111
637292
637368
637382
637410
637625
637628
637819
637855
637914
637992
638077
638128
638300
638431
638622
638709
639101
639141
639217
639322
639501
639597
639925
639962
639970
640017
640034
640066
640266
640307
640358
640542
640596
640685
640733
640852
640932
641031
641081
641084
641488
641564
641583
641619
641871
641882
641884
642290
642337
642389
642421
642484
642624
642708
642725
642834
642908
643000
643083
643150
643461
643521
643559
643670
643747
643757
643871
643999
644258
644384
644406
644455
644462
644503
644556
644714
644755
644767
644779
644944
645183
645436
645448
645580
645612
645633
645708
645788
645861
645884
646159
646256
646256
646409
646501
646527
646818
646842
646884
647073
647074
647407
647446
647799
647808
647897
647918
648092
648422
648492
648514
648563
648571
648705
648713
648766
648797
648862
648880
649536
649600
649692
649915
650531
650541
650675
650727
650950
651094
651175
651320
651334
651378
651484
651519
651814
651839
651877
651924
651958
651987
652037
652135
652143
652592
652731
652777
652857
652872
652968
652980
653051
653189
653258
653409
653446
653523
653558
653591
653591
653678
653714
653893
654027
654043
654160
654219
654499
654568
654594
654751
654941
654984
655013
655109
655455
655608
655676
655711
655765
655765
655768
655827
655832
655884
655926
656116
656336
656387
656466
656498
656520
656563
656606
656652
656807
657131
657137
657256
657392
657404
657536
657752
657752
657836
657910
657948
657971
657991
658049
658176
658215
658368
658633
658678
658915
659046
659069
659109
659186
659251
659292
659361
659613
659714
659793
659903
659930
659940
660086
660271
660272
660380
660431
660480
660491
660560
660600
660612
660651
660799
660825
660881
660922
661026
661102
661161
661166
661234
661293
661369
661546
661612
661748
661898
661972
662053
662071
662119
662337
662401
662628
662676
662866
662867
662902
662907
663128
663355
663392
663400
663585
663603
663879
663894
664166
664176
664199
664338
664460
664503
664570
664607
664782
664891
664955
665045
665051
665053
665056
665058
665143
665187
665200
665278
665614
665721
665738
665828
665921
665944
665969
666202
666398
666607
666610
666952
667105
667252
667302
667318
667574
667622
667700
667727
667728
667752
667861
667905
668055
668118
668272
668298
668412
668633
668723
668790
668987
669094
669231
669249
669368
669408
669461
669551
669713
669732
669887
670007
670008
670014
670139
670144
670182
670226
670247
670266
670363
670433
670601
670616
670756
670762
670767
670913
670927
671102
671119
671156
671367
671378
671470
671537
671647
671662
671876
671911
672018
672274
672491
672773
672948
673031
673037
673334
673334
673367
673368
673446
673491
673651
673741
673828
673951
673953
673998
674080
674192
674213
674388
674528
674628
674662
674725
674739
674788
674918
675170
675351
675445
675458
675483
675586
675714
675801
676035
676151
676644
676710
676788
676846
676961
676977
677054
677062
677599
677675
677740
678146
678212
678322
678343
678427
678492
678547
678661
678847
679340
679405
679452
679571
679655
680047
680081
680189
680525
680861
680935
680969
680975
681011
681081
681197
681444
681492
681561
681563
681713
681723
681736
681913
681939
681940
681977
682005
682069
682223
682468
682481
682568
682589
682682
682876
682996
683063
683134
683254
683316
683361
683371
683407
683408
683591
683743
683753
683756
683798
683962
683969
684048
684088
684242
684345
684414
684446
684473
684516
684601
684963
685071
685132
685145
685202
685276
685672
685739
685800
685992
686393
686468
686542
686625
686659
686709
686822
686838
686842
686990
687145
687183
687416
687439
687621
687666
687746
687906
688013
688054
688159
688202
688249
688265
688465
688568
688619
688920
689151
689156
689391
689402
689483
689567
689583
689641
689683
689684
689713
689722
690000
690022
690138
690176
690214
690244
690244
690327
690467
690526
690565
690642
690975
691047
691111
691445
691553
691591
691725
691825
692432
692507
692630
692649
692752
692782
693021
693031
693161
693199
693246
693309
693758
693872
693874
693929
693932
693962
694008
694032
694087
694366
694367
694406
694453
694559
694588
694660
694799
694864
694876
695144
695770
695797
695864
695870
695935
695940
696055
696082
696156
696243
696296
696348
696463
696610
696724
696898
696930
696998
697241
697256
697452
697477
697578
697595
697636
697791
697839
697878
698240
698278
698335
698339
698584
698703
698707
698734
698777
698851
699125
699224
699268
699320
699347
699364
699412
699465
699720
699801
699866
699869
699903
699984
700025
700251
700419
700657
700785
700933
700977
701034
701046
701079
701190
701197
701328
701394
701421
701574
701617
701657
701690
701910
702012
702132
702368
702404
702413
702608
702619
702624
702654
702681
702799
702955
703138
703175
703280
703325
703541
703799
703814
704232
704317
704323
704432
704490
704556
704644
704666
704673
704706
704798
704854
704884
705158
705191
705250
705285
705315
705523
705659
705706
705713
706305
706431
706506
706621
706890
707188
707225
707614
707806
708065
708307
708309
708473
708520
708682
708689
708834
708870
708913
709042
709160
709175
709372
709387
709410
709494
709508
709839
709901
710018
710068
710119
710192
710290
710319
710371
710472
710673
710735
710967
711005
711007
711073
711173
711250
711292
711292
711412
711518
711595
711627
711884
711956
712225
712793
712804
712814
712835
712978
712998
713024
713038
713283
713456
713498
713510
713545
713638
713647
713852
713948
713982
714021
714232
714382
714521
714572
714703
714740
714873
715089
715122
715434
715514
715515
715586
715822
715883
715981
716081
716110
716184
716245
716421
716485
716488
716494
716761
717095
717159
717272
717322
717488
717591
717665
717715
717816
717843
717944
717983
718231
718236
718388
718613
718651
718988
719032
719102
719159
719303
719564
719617
719703
719756
719810
719959
720018
720184
720207
720224
720249
720424
720442
720467
720597
720705
720891
721253
721305
721615
721748
722090
722164
722257
722266
722341
722348
722424
722490
722604
722622
722640
722668
723043
723127
723133
723168
723207
723591
723736
723877
724263
724478
724559
724705
724849
724944
724995
725189
725217
725253
725471
725510
725569
725710
725753
725780
725840
725842
725932
726029
726227
726321
726589
726642
726707
726806
726822
726842
727068
727128
727282
727342
727375
727400
727406
727451
727461
727825
727858
727934
727936
727969
728089
728140
728173
728249
728589
728634
728829
728846
728846
729042
729143
729197
729237
729326
729326
729363
729443
729470
729515
729612
729663
729681
729697
729714
729791
729939
730114
730645
730745
730810
730919
731033
731041
731543
731638
731729
731836
731872
731876
732101
732362
732396
733045
733254
733314
733403
733679
733746
733825
733843
733851
734065
734095
734157
734259
734309
734346
734401
734525
734572
734585
734599
734685
734740
734877
734924
734929
734959
735312
735675
735695
735698
735700
735784
736026
736063
736069
736109
736243
736434
736446
736466
736569
736589
736998
737032
737098
737124
737135
737207
737242
737246
737291
737317
737416
737770
737826
737880
737932
737981
738339
738422
738466
738544
738553
738593
738697
738866
738934
738952
739140
739141
739215
739426
739630
739777
739824
739850
739886
739889
740166
740167
740195
740321
740424
740594
740615
740656
740661
740876
741009
741078
741118
741354
741508
741567
741590
741632
741655
741716
741984
741986
742014
742026
742145
742216
742292
742329
742462
742553
742628
742632
742704
742711
742758
742891
743034
743039
743131
743416
743453
743526
743562
743649
743797
743822
743832
743981
744035
744091
744251
744296
744308
744422
744470
744780
744909
744917
744941
744950
745119
745194
745387
745456
745537
745700
745967
746177
746291
746446
746517
746533
746709
746895
746988
747035
747052
747228
747258
747321
747323
747375
747432
747447
747456
747674
748287
748475
748665
748809
748832
748836
748932
748986
749040
749075
749081
749328
749382
749402
749477
749483
749672
749803
749867
750071
750072
750086
750280
750352
750481
750506
750536
750624
750657
750691
750696
750732
750904
751054
751056
751111
751196
751239
751346
751519
751530
751940
752004
752049
752105
752204
752254
752258
752345
752474
752574
752634
752791
752927
752930
752960
752960
752961
753067
753138
753157
753318
753422
753510
753729
753737
753758
753877
753928
754065
754188
754190
754242
754258
754303
754358
754391
754401
754720
754739
754748
754962
755403
755449
755526
755579
755725
755799
755989
756017
756128
756152
756262
756268
756411
756426
756490
756810
757008
757137
757262
757275
757277
757427
757498
757688
757931
758014
758121
758139
758157
758272
758312
758343
758482
758680
758861
758871
759102
759211
759265
759375
759428
759501
759538
759657
759880
759913
759950
760024
760113
760168
760224
760255
760489
760651
760736
761222
761228
761302
761305
761374
761408
761449
761652
761832
761866
761902
761957
762058
762147
762233
762234
762270
762310
762352
762386
762561
763054
763246
763292
763299
763378
763393
763414
763415
763534
763624
763637
763658
763780
763963
764213
764273
764541
764705
764754
764811
765232
765365
765473
765513
765620
765697
765710
765760
766338
766471
766539
766609
766660
766661
766742
766759
766811
766846
766976
767009
767082
767168
767182
767215
767225
767309
767426
767460
767615
767677
767872
767919
767978
768214
768325
768464
768490
768574
768732
768808
769135
769190
769373
769418
769444
769485
769534
769741
769793
769980
770057
770115
770139
770183
770397
770404
770438
770543
770694
770843
770927
771220
771232
771242
771268
771358
771759
771777
771777
771781
771931
772035
772070
772160
772190
772196
772210
772276
772354
772450
772631
772632
772712
772750
773093
773107
773142
773152
773380
773536
773549
773795
773969
774161
774163
774170
774190
774220
774280
774307
774464
774649
774748
774974
775025
775147
775295
775309
775382
775458
775488
775494
775534
775588
775877
775957
775959
776184
776430
776580
776859
777068
777082
777158
777208
777217
777245
777284
777386
777418
777421
777440
777455
777488
777547
777644
777741
777813
777849
778100
778207
778279
778355
778356
778541
778596
778605
778665
778670
778805
778837
779328
779361
779444
779700
779881
779949
780400
780493
780720
780733
780751
780885
780924
780932
781086
781430
781440
781480
781566
781913
781956
782048
782091
782256
782360
782368
782470
782475
782559
782638
782642
782981
783000
783001
783099
783110
783227
783232
783296
783697
783709
783832
784056
784266
784703
784732
784902
785081
785348
785410
785425
785439
785461
785472
785523
785579
785740
785907
786026
786137
786334
786348
786381
786444
786615
786771
786779
786865
786921
786962
786982
787161
787176
787225
787281
787283
787289
787372
787486
787523
787549
787689
787816
788060
788148
788162
788246
788331
788419
788687
788705
788746
788884
788898
788927
788933
788992
789120
789150
789169
789295
789706
789909
790061
790087
790096
790269
790378
790477
790608
790915
790921
790940
790980
791066
791401
791577
791680
791743
791812
792058
792107
792183
792226
792348
792472
792478
792484
792784
792809
793035
793070
793216
793283
793302
793400
793519
793673
793697
793703
793879
793886
794156
794176
794247
794326
794650
794819
794900
794951
795165
795172
795218
795239
795248
795267
795343
795462
795595
795596
795599
795645
795926
796097
796175
796244
796246
796315
796354
796505
796613
796636
796699
796781
797147
797257
797302
797307
797511
797532
797595
797615
797948
797986
798048
798180
798194
798380
798394
798442
798683
798788
798829
798877
799108
799218
799259
799277
799343
799377
799600
799706
800088
800143
800308
800362
800415
800437
800459
800533
800614
800718
800813
800817
801247
801624
801631
801817
801952
802018
802154
802180
802367
802457
802550
802813
803015
803066
803436
803750
803810
803884
803915
804002
804092
804585
804609
804788
804790
804855
804979
805092
805140
805187
805419
805636
805645
805646
805651
805781
805842
806042
806153
806233
806462
806509
806560
806632
806670
806695
806769
806855
806869
806952
807019
807047
807238
807261
807421
807522
807589
807634
807663
807833
807853
808209
808219
808610
808668
808768
808858
808936
808946
809118
809243
809271
809298
809403
809462
809475
809508
809514
809624
809663
809664
809980
810069
810340
810342
810434
810677
810888
810971
810994
811059
811068
811200
811419
811444
811545
811599
811910
812205
812247
812375
812426
812432
812483
812540
812755
812823
812948
812968
813227
813385
813412
813496
813567
813629
813724
813786
813812
813854
813975
814064
814187
814188
814381
814393
814441
814452
814619
814639
814705
814763
815097
815151
815158
815354
816040
816125
816173
816342
816372
816396
816578
816625
816644
816648
816790
816976
817006
817130
817249
817325
817447
817506
817600
817673
817684
817719
817784
817873
817918
817962
817967
818012
818090
818239
818260
818283
818376
818403
818406
818479
818831
818949
818953
819020
819122
819225
819419
819442
819445
819592
819854
819884
819931
820048
820138
820171
820246
820457
820673
820710
820727
820967
821003
821011
821180
821236
821256
821478
821578
821667
821691
822013
822176
822380
822446
822500
822735
823174
823237
823306
823397
823401
823441
823514
823707
823728
823773
823888
824125
824138
824161
824174
824244
824253
824364
824529
824611
824885
824909
824909
824944
825234
825303
825460
825609
825724
825893
825920
825942
826034
826066
826118
826138
826160
826180
826228
826274
826278
826577
826618
826715
827007
827008
827013
827024
827042
827051
827122
827215
827513
827652
827889
828037
828053
828120
828290
828424
828483
828619
828647
828836
828879
828956
828958
829024
829063
829254
829259
829283
829521
829535
829582
829586
829683
829774
829808
829865
829887
829914
830080
830157
830195
830201
830483
830525
830562
830755
830773
830842
830888
830904
831033
831130
831169
831205
831281
831411
831461
831524
831555
831704
831736
831760
831837
831840
831914
832014
832037
832046
832080
832165
832202
832210
832426
832466
832481
832561
832680
832927
833115
833287
833620
833623
833738
833769
833774
833777
833779
833817
833882
833978
834083
834241
834337
834525
834570
834701
834754
834794
834838
835314
835331
835432
835483
835520
835722
835859
835863
835868
835973
836046
836194
836261
836492
836824
837300
837319
837337
837700
838071
838158
838547
838603
838722
838752
838763
838983
838995
839081
839126
839129
839297
839321
839330
839371
839403
839446
839471
839535
839656
839673
839720
839770
839940
839988
840280
840299
840299
840408
840542
840726
840808
840892
840931
840963
841152
841271
841316
841347
841447
841530
841627
841637
841656
841820
842046
842096
842157
842402
842685
842876
842968
843173
843333
843369
843381
843423
843698
843829
844051
844282
844456
844575
844668
844731
844834
844860
844889
845002
845285
845428
845580
845706
845907
845979
845996
846001
846047
846148
846186
846339
846362
846651
846866
847028
847088
847101
847119
847275
847327
847653
847663
847778
847812
847880
848096
848132
848220
848237
848255
848406
848483
848618
848828
848848
848884
848905
848942
848948
848968
849073
849125
849277
849298
849400
849532
849556
849637
849663
849677
849705
849733
849780
849824
849835
850002
850025
850039
850091
850118
850152
850176
850603
850632
850756
850780
850955
851046
851058
851196
851254
851345
851362
851701
851931
851945
852306
852458
852588
852657
852679
852756
852842
852882
852935
852999
853271
853350
853562
853598
853676
853745
853861
854036
854203
854262
854451
854509
854650
854703
854901
854956
855140
855187
855198
855219
855258
855277
855311
855526
855634
855668
855838
856002
856031
856075
856182
856292
856369
856395
856425
856728
856782
857092
857282
857294
857318
857587
857647
857698
857987
857991
858101
858170
858610
858807
858976
859060
859191
859266
859447
859492
859500
859621
859768
859798
859893
860032
860314
860322
860335
860378
860411
860451
860692
860748
860967
861105
861106
861127
861215
861269
861277
861404
861494
861633
861774
861899
862048
862156
862228
862435
862770
862772
862803
862916
863070
863329
863496
863498
863545
863757
863812
863861
863902
863942
863982
864030
864110
864155
864248
864303
864337
864417
864568
864586
864693
864741
864782
864893
864982
865134
865184
865194
865242
865280
865381
865582
865695
865736
865831
865871
866160
866343
866389
866557
866703
866840
866896
866916
866993
867065
867095
867256
867301
867460
867478
867644
867698
867790
867898
867970
867971
868053
868496
868537
868554
868800
868858
869065
869123
869168
869213
869248
869260
869428
869437
869504
869581
869767
869853
869873
869990
869999
870201
870307
870325
870337
870341
870500
870593
870697
870710
870748
870829
870922
871372
871453
871501
871535
871550
871574
871614
871616
871638
871640
871676
871841
871888
871919
872010
872061
872185
872216
872303
872343
872549
872694
872732
872741
872818
872823
872863
873164
873563
873890
874050
874256
874263
874269
874379
874396
874516
874977
874979
875163
875219
875238
875455
875459
875499
875637
875666
875935
876005
876017
876119
876125
876218
876278
876596
876608
876708
876939
876941
877262
877399
877427
877452
877595
877601
877658
877683
877802
877859
877860
878187
878220
878391
878415
878609
878653
878665
878700
878707
878761
878814
878894
878925
879019
879025
879044
879128
879389
879449
879482
879584
879638
879721
879725
879828
879936
880155
880203
880234
880330
880374
880377
880458
880580
880675
880694
880717
880724
880842
881044
881169
881409
881433
881491
881524
881569
881618
881721
881786
881903
882410
882455
882552
882562
882613
882870
882900
883008
883059
883090
883344
883783
883864
884015
884062
884189
884210
884247
884285
884349
884356
884482
884499
884511
884688
884692
884799
884813
884866
884924
885045
885284
885411
885427
885445
885559
885662
885669
885729
886082
886234
886374
886565
886640
886714
886736
886938
886984
887015
887152
887220
887251
887259
887315
887746
887823
887838
888090
888112
888398
888528
888595
888727
888815
888845
888873
889268
889278
889311
889450
889456
889617
889650
889900
890035
890228
890249
890466
890504
890832
890836
890929
890987
890994
891037
891078
891079
891162
891346
891577
891673
891747
891839
891860
891998
892001
892049
892337
892424
892472
892482
892655
892682
892807
892845
893091
893128
893298
893313
893537
893570
893709
893799
893838
893866
893892
893937
893977
894168
894258
894522
894562
894618
894883
895029
895069
895209
895438
895452
895601
895716
895900
895951
895972
895976
896056
896628
896654
896668
896765
896982
897095
897150
897284
897341
897371
897566
897675
897677
897781
897947
898149
898186
898220
898408
898443
898481
898484
898715
898728
898740
898788
898817
898818
898962
899094
899104
899104
899108
899243
899392
899459
899486
899522
899757
899845
899887
900039
900070
900119
900135
900156
900235
900288
900337
900429
900446
900605
900843
900866
900941
901220
901397
901403
901461
901532
901569
901738
901743
901756
901766
901836
901934
902147
902182
902220
902361
902370
902410
902572
902605
903136
903199
903286
903452
903584
903646
903851
903902
903948
903967
904712
904725
904781
904801
904807
905131
905160
905285
905387
905670
905783
905871
905940
906009
906170
906173
906356
906437
906444
906620
906644
906843
906914
907081
907081
907110
907127
907156
907250
907268
907309
907354
907360
907444
907800
907824
907850
908089
908194
908197
908445
908523
908530
908699
908717
908804
908885
908926
909083
909390
909437
909644
909701
909757
909860
910131
910225
910259
910311
910478
910511
910551
910560
911203
911323
911511
911615
911721
911741
911839
911891
911926
911930
911991
912141
912146
912220
912422
912449
912458
912654
912660
912744
912883
912923
912966
913043
913144
913194
913197
913332
913333
913336
913469
913546
913628
913711
913786
914099
914133
914222
914289
914305
914308
914643
914693
914716
914741
914755
914852
914878
914981
915167
915292
915321
915499
915590
915840
915891
915891
915906
915908
915936
916159
916229
916319
916417
916464
916645
916678
916680
916724
916839
916840
916853
916875
916877
917172
917220
917319
917563
917681
917940
917979
917979
917981
918067
918124
918289
918348
918400
918598
918655
918750
918838
918986
919323
919411
919526
919737
919759
920009
920278
920423
920441
920447
920549
920607
920653
920669
920693
920872
921008
921024
921046
921122
921201
921323
921341
921352
921446
921523
921603
921716
921724
921734
922160
922429
922448
922492
922523
922543
922608
922623
922773
922788
922842
922914
923174
923308
923335
923482
923559
923599
923624
923725
923781
923930
923979
923991
924022
924138
924202
924245
924299
924424
924452
924465
924666
924678
924686
924839
924849
924857
924972
925106
925233
925248
925418
925593
925626
925652
925774
925939
926076
926222
926251
926320
926354
926400
926632
926734
926902
926933
927138
927262
927396
927459
927610
927699
927856
928015
928105
928239
928314
928365
928379
928596
928658
928685
928747
929078
929196
929204
929296
929346
929467
929603
929611
929647
929716
929778
930237
930267
930472
930516
930522
930652
930676
930753
930909
930932
931093
931124
931240
931275
931398
931455
931529
931625
931807
931993
932065
932148
932244
932300
932321
932779
932831
932998
933100
933178
933238
933429
933439
933501
933570
933584
933682
933910
933921
933970
934283
934525
934614
934756
934824
935104
935117
935258
935368
935412
935451
935458
935829
936221
936262
936384
936633
936637
936764
937014
937032
937066
937090
937226
937269
937324
937357
937364
937535
937572
937773
937876
937994
938006
938039
938132
938319
938378
938409
938521
938556
938652
938699
938733
938885
939034
939259
939302
939369
939485
939586
939636
940192
940318
940361
940504
940510
940515
940520
940624
940680
940704
940706
940737
940780
940887
941030
941053
941267
941429
941641
941655
941758
942148
942182
942236
942304
942450
942465
942508
942544
942546
942726
942734
942843
942862
943103
943114
943177
943722
943744
943771
943905
943975
944176
944281
944428
944469
944483
944559
944674
944868
944934
944958
944994
945064
945134
945198
945199
945220
945259
945291
945418
945452
945579
945851
945880
945891
945897
945927
946048
946062
946066
946324
946360
946570
946571
946705
946752
946845
946917
947024
947036
947212
947241
947275
947333
947423
947564
947577
947580
947582
947687
948090
948113
948204
949224
949419
949565
949663
949678
949719
949733
949787
949943
950157
950334
950556
950624
950628
950683
951035
951118
951219
951225
951310
951425
951457
951513
951581
951638
951656
951743
951745
951874
951955
952037
952105
952161
952178
952239
952310
952313
952807
952810
953086
953107
953292
953382
953703
953979
953997
953999
954180
954190
954297
954349
954374
954382
954513
954544
954555
954685
955206
955316
955406
955521
955768
955889
955890
955906
956083
956228
956271
956448
956448
956501
956547
956621
956643
956662
956734
956734
956829
956896
956898
956934
956980
957134
957260
957343
957447
957509
957530
957544
957561
957569
957692
957722
957837
957842
958055
958184
958304
958390
958477
958527
958834
958846
959064
959110
959187
959189
959193
959235
959339
959400
959498
959841
959956
959971
960065
960166
960289
960330
960336
960346
960505
960524
960628
960828
960835
960946
961025
961288
961466
961481
961497
962099
962385
962402
962490
962499
962566
962577
962840
962923
962976
963009
963047
963082
963260
963264
963266
963457
963494
963606
963794
963972
963994
964011
964127
964265
964343
964500
964507
964677
964731
964759
964825
964831
964835
964988
965175
965205
965234
965309
965349
965538
965637
966050
966134
966288
966879
967130
967185
967227
967298
967303
967305
967332
967354
967433
967603
967679
967775
967940
968409
968523
968543
968636
968746
968771
968875
968933
969055
969125
969187
969335
969416
969512
969625
969657
969680
969945
969952
970088
970170
970183
970232
970321
970405
970431
970649
970773
970783
970896
970926
970960
971131
971134
971153
971336
971439
971892
971903
972406
972408
972538
972539
972579
972763
972848
973212
973419
973439
973620
973721
973740
973791
973868
973944
974015
974075
974233
974255
974684
974698
974789
974796
974809
974846
974899
975036
975090
975137
975154
975202
975286
975705
975726
975801
976052
976059
976208
976266
976288
976311
976460
976463
976497
976504
976526
976540
976542
976564
976895
976908
976911
977150
977351
977409
977500
977520
977693
977778
977852
977877
977911
977981
978100
978176
978246
978273
978336
978399
978511
978686
978737
978822
978900
978977
979005
979157
979192
979215
979235
979325
979558
979852
979883
979945
979955
980129
980252
980352
980366
980485
980495
980532
980555
980761
980784
980849
980885
980934
981212
981226
981275
981450
981643
981679
981706
981815
981875
981897
981987
982128
982576
982607
982975
983133
983189
983217
983296
983469
983478
983536
983564
983642
983991
984280
984306
984597
984775
984886
984923
985054
985103
985159
985221
985224
985283
985288
985348
985360
985385
985490
985663
985802
985893
985923
986008
986031
986087
986308
986462
986649
986666
986822
986892
986895
986906
986948
986993
987177
987197
987202
987267
987310
987393
987447
987953
987963
988209
988214
988251
988302
988345
988375
988411
988446
988526
988571
988653
988752
988823
989044
989066
989185
989208
989252
989271
989299
989318
989372
989385
989521
989608
989838
989847
989946
990220
990334
990470
990662
990669
990935
991036
991259
991394
991484
991489
991659
991665
991755
991786
991877
991879
992158
992206
992350
992370
992496
992597
992657
992671
992821
993199
993488
993500
993561
993625
993704
993792
993810
993874
994126
994264
994479
994560
994729
994825
994834
994842
994937
994951
995032
995122
995131
995306
995328
995339
995399
995489
995727
995941
996068
996174
996264
996326
996490
996601
996809
996832
996850
996912
997138
997177
997198
997264
997284
997290
997437
997456
997467
998018
998107
998131
998189
998598
998620
998664
999004
999121
999144
999216
999232
999245
999352
999354
999422
999642
999693
999725
999741
999778
999952
